Example Found
*************************
SL@ level 
2


MatrixGroup(2, IntegerRing(8)) of order 2^8 * 3
Generators:
    [1 1]
    [0 7]

    [1 1]
    [0 5]

    [3 0]
    [0 3]

    [5 5]
    [5 2]

    [3 6]
    [0 3]

    [3 4]
    [6 3]

    [1 0]
    [4 1]

    [1 4]
    [0 1]

    [5 0]
    [0 5]
Example Found
*************************
SL@ level 
2


MatrixGroup(2, IntegerRing(8)) of order 2^8 * 3
Generators:
    [1 0]
    [0 7]

    [1 1]
    [0 5]

    [3 0]
    [0 3]

    [5 5]
    [5 2]

    [3 6]
    [0 3]

    [3 4]
    [6 3]

    [1 0]
    [4 1]

    [1 4]
    [0 1]

    [5 0]
    [0 5]
Example Found
*************************
SL@ level 
2


MatrixGroup(2, IntegerRing(8)) of order 2^8 * 3
Generators:
    [1 1]
    [0 7]

    [1 0]
    [0 5]

    [3 0]
    [0 3]

    [5 5]
    [5 2]

    [3 6]
    [0 3]

    [3 4]
    [6 3]

    [1 0]
    [4 1]

    [1 4]
    [0 1]

    [5 0]
    [0 5]
Example Found
*************************
SL@ level 
2


MatrixGroup(2, IntegerRing(8)) of order 2^8 * 3
Generators:
    [1 0]
    [0 7]

    [1 0]
    [0 5]

    [3 0]
    [0 3]

    [5 5]
    [5 2]

    [3 6]
    [0 3]

    [3 4]
    [6 3]

    [1 0]
    [4 1]

    [1 4]
    [0 1]

    [5 0]
    [0 5]
function done
Example Found
*************************
SL@ level 
2


MatrixGroup(2, IntegerRing(16)) of order 2^12 * 3
Generators:
    [ 1  1]
    [ 0 15]

    [1 1]
    [0 5]

    [1 0]
    [0 9]

    [11  0]
    [ 0  3]

    [ 5 13]
    [13  2]

    [ 3  6]
    [ 0 11]

    [ 3 12]
    [14  3]

    [9 4]
    [0 9]

    [1 8]
    [4 1]

    [ 5  8]
    [ 0 13]

    [13  0]
    [ 0  5]

    [13  8]
    [ 8  5]

    [9 0]
    [0 9]
Example Found
*************************
SL@ level 
2


MatrixGroup(2, IntegerRing(16)) of order 2^12 * 3
Generators:
    [ 1  0]
    [ 0 15]

    [1 1]
    [0 5]

    [1 0]
    [0 9]

    [11  0]
    [ 0  3]

    [ 5 13]
    [13  2]

    [ 3  6]
    [ 0 11]

    [ 3 12]
    [14  3]

    [9 4]
    [0 9]

    [1 8]
    [4 1]

    [ 5  8]
    [ 0 13]

    [13  0]
    [ 0  5]

    [13  8]
    [ 8  5]

    [9 0]
    [0 9]
Example Found
*************************
SL@ level 
2


MatrixGroup(2, IntegerRing(16)) of order 2^12 * 3
Generators:
    [ 1  1]
    [ 0 15]

    [1 0]
    [0 5]

    [1 0]
    [0 9]

    [11  0]
    [ 0  3]

    [ 5 13]
    [13  2]

    [ 3  6]
    [ 0 11]

    [ 3 12]
    [14  3]

    [9 4]
    [0 9]

    [1 8]
    [4 1]

    [ 5  8]
    [ 0 13]

    [13  0]
    [ 0  5]

    [13  8]
    [ 8  5]

    [9 0]
    [0 9]
Example Found
*************************
SL@ level 
2


MatrixGroup(2, IntegerRing(16)) of order 2^12 * 3
Generators:
    [ 1  0]
    [ 0 15]

    [1 0]
    [0 5]

    [1 0]
    [0 9]

    [11  0]
    [ 0  3]

    [ 5 13]
    [13  2]

    [ 3  6]
    [ 0 11]

    [ 3 12]
    [14  3]

    [9 4]
    [0 9]

    [1 8]
    [4 1]

    [ 5  8]
    [ 0 13]

    [13  0]
    [ 0  5]

    [13  8]
    [ 8  5]

    [9 0]
    [0 9]
Example Found
*************************
SL@ level 
4


MatrixGroup(2, IntegerRing(16)) of order 2^11 * 3
Generators:
    [11  0]
    [ 0 13]

    [11  0]
    [ 0 15]

    [1 0]
    [0 9]

    [ 5 13]
    [13  2]

    [ 3  6]
    [ 0 11]

    [ 3 12]
    [14  3]

    [9 4]
    [0 9]

    [1 8]
    [4 1]

    [ 5  8]
    [ 0 13]

    [13  0]
    [ 0  5]

    [13  8]
    [ 8  5]

    [9 0]
    [0 9]
Example Found
*************************
SL@ level 
4


MatrixGroup(2, IntegerRing(16)) of order 2^11 * 3
Generators:
    [11  3]
    [ 0 13]

    [11  0]
    [ 0 15]

    [1 0]
    [0 9]

    [ 5 13]
    [13  2]

    [ 3  6]
    [ 0 11]

    [ 3 12]
    [14  3]

    [9 4]
    [0 9]

    [1 8]
    [4 1]

    [ 5  8]
    [ 0 13]

    [13  0]
    [ 0  5]

    [13  8]
    [ 8  5]

    [9 0]
    [0 9]
Example Found
*************************
SL@ level 
4


MatrixGroup(2, IntegerRing(16)) of order 2^11 * 3
Generators:
    [ 1  0]
    [ 0 15]

    [1 0]
    [0 5]

    [1 0]
    [0 9]

    [ 5 13]
    [13  2]

    [ 3  6]
    [ 0 11]

    [ 3 12]
    [14  3]

    [9 4]
    [0 9]

    [1 8]
    [4 1]

    [ 5  8]
    [ 0 13]

    [13  0]
    [ 0  5]

    [13  8]
    [ 8  5]

    [9 0]
    [0 9]
Example Found
*************************
SL@ level 
4


MatrixGroup(2, IntegerRing(16)) of order 2^11 * 3
Generators:
    [13  6]
    [ 6 15]

    [1 0]
    [0 5]

    [ 1 15]
    [14  3]

    [1 0]
    [0 9]

    [11  0]
    [ 0  3]

    [ 5 13]
    [13  2]

    [9 4]
    [0 9]

    [1 8]
    [4 1]

    [ 5  8]
    [ 0 13]

    [13  0]
    [ 0  5]

    [13  8]
    [ 8  5]

    [9 0]
    [0 9]
Example Found
*************************
SL@ level 
4


MatrixGroup(2, IntegerRing(16)) of order 2^10 * 3
Generators:
    [ 1  1]
    [ 0 15]

    [1 0]
    [0 5]

    [1 0]
    [0 9]

    [11  0]
    [ 0  3]

    [ 5 13]
    [13  2]

    [9 4]
    [0 9]

    [1 8]
    [4 1]

    [ 5  8]
    [ 0 13]

    [13  0]
    [ 0  5]

    [13  8]
    [ 8  5]

    [9 0]
    [0 9]
Example Found
*************************
SL@ level 
4


MatrixGroup(2, IntegerRing(16)) of order 2^10 * 3
Generators:
    [13  6]
    [ 6 15]

    [ 1 15]
    [ 6 15]

    [1 0]
    [0 9]

    [11  0]
    [ 0  3]

    [ 5 13]
    [13  2]

    [9 4]
    [0 9]

    [1 8]
    [4 1]

    [ 5  8]
    [ 0 13]

    [13  0]
    [ 0  5]

    [13  8]
    [ 8  5]

    [9 0]
    [0 9]
Example Found
*************************
SL@ level 
4


MatrixGroup(2, IntegerRing(16)) of order 2^10 * 3
Generators:
    [ 1  1]
    [ 0 15]

    [ 1 15]
    [ 6 15]

    [1 0]
    [0 9]

    [11  0]
    [ 0  3]

    [ 5 13]
    [13  2]

    [9 4]
    [0 9]

    [1 8]
    [4 1]

    [ 5  8]
    [ 0 13]

    [13  0]
    [ 0  5]

    [13  8]
    [ 8  5]

    [9 0]
    [0 9]
Example Found
*************************
SL@ level 
4


MatrixGroup(2, IntegerRing(16)) of order 2^10 * 3
Generators:
    [13  6]
    [ 6 15]

    [1 0]
    [0 5]

    [1 0]
    [0 9]

    [11  0]
    [ 0  3]

    [ 5 13]
    [13  2]

    [9 4]
    [0 9]

    [1 8]
    [4 1]

    [ 5  8]
    [ 0 13]

    [13  0]
    [ 0  5]

    [13  8]
    [ 8  5]

    [9 0]
    [0 9]
Example Found
*************************
SL@ level 
4


MatrixGroup(2, IntegerRing(16)) of order 2^9 * 3
Generators:
    [13  6]
    [ 6 15]

    [1 0]
    [0 5]

    [1 0]
    [0 9]

    [ 5 13]
    [13  2]

    [9 4]
    [0 9]

    [1 8]
    [4 1]

    [ 5  8]
    [ 0 13]

    [13  0]
    [ 0  5]

    [13  8]
    [ 8  5]

    [9 0]
    [0 9]
