Results:
********************************
Result for level:
2
MatrixGroup(2, IntegerRing(2)) of order 2 * 3
Generators:
    [1 1]
    [0 1]

    [0 1]
    [1 1]
********************************
Result for level:
4
MatrixGroup(2, IntegerRing(4)) of order 2^5 * 3
Generators:
    [1 0]
    [0 3]

    [1 1]
    [0 1]

    [3 0]
    [0 3]

    [1 1]
    [1 2]

    [3 2]
    [0 3]

    [3 0]
    [2 3]
MatrixGroup(2, IntegerRing(4)) of order 2^4 * 3
Generators:
    [1 1]
    [0 3]

    [3 0]
    [0 3]

    [1 1]
    [1 2]

    [3 2]
    [0 3]

    [3 0]
    [2 3]
MatrixGroup(2, IntegerRing(4)) of order 2^4 * 3
Generators:
    [1 0]
    [0 3]

    [3 0]
    [0 3]

    [1 1]
    [1 2]

    [3 2]
    [0 3]

    [3 0]
    [2 3]
********************************
Result for level:
6
MatrixGroup(2, IntegerRing(6)) of order 2^5 * 3^2
Generators:
    [1 0]
    [0 5]

    [1 1]
    [0 1]

    [1 2]
    [0 1]

    [2 5]
    [5 1]

    [3 2]
    [4 3]

    [5 4]
    [4 1]

    [5 0]
    [0 5]
MatrixGroup(2, IntegerRing(6)) of order 2^4 * 3^2
Generators:
    [1 1]
    [0 5]

    [1 2]
    [0 1]

    [2 5]
    [5 1]

    [3 2]
    [4 3]

    [5 4]
    [4 1]

    [5 0]
    [0 5]
MatrixGroup(2, IntegerRing(6)) of order 2^4 * 3^2
Generators:
    [1 0]
    [0 5]

    [1 2]
    [0 1]

    [2 5]
    [5 1]

    [3 2]
    [4 3]

    [5 4]
    [4 1]

    [5 0]
    [0 5]
MatrixGroup(2, IntegerRing(6)) of order 2^5 * 3
Generators:
    [1 0]
    [0 5]

    [1 3]
    [0 1]

    [2 5]
    [5 1]

    [3 2]
    [4 3]

    [5 4]
    [4 1]

    [5 0]
    [0 5]
********************************
Result for level:
8
MatrixGroup(2, IntegerRing(8)) of order 2^9 * 3
Generators:
    [1 0]
    [0 7]

    [1 0]
    [0 5]

    [1 1]
    [0 1]

    [3 0]
    [0 3]

    [5 5]
    [5 2]

    [3 6]
    [0 3]

    [3 4]
    [6 3]

    [1 0]
    [4 1]

    [1 4]
    [0 1]

    [5 0]
    [0 5]
MatrixGroup(2, IntegerRing(8)) of order 2^8 * 3
Generators:
    [1 1]
    [0 7]

    [1 1]
    [0 5]

    [3 0]
    [0 3]

    [5 5]
    [5 2]

    [3 6]
    [0 3]

    [3 4]
    [6 3]

    [1 0]
    [4 1]

    [1 4]
    [0 1]

    [5 0]
    [0 5]
MatrixGroup(2, IntegerRing(8)) of order 2^8 * 3
Generators:
    [1 0]
    [0 7]

    [1 1]
    [0 5]

    [3 0]
    [0 3]

    [5 5]
    [5 2]

    [3 6]
    [0 3]

    [3 4]
    [6 3]

    [1 0]
    [4 1]

    [1 4]
    [0 1]

    [5 0]
    [0 5]
MatrixGroup(2, IntegerRing(8)) of order 2^8 * 3
Generators:
    [1 1]
    [0 7]

    [1 0]
    [0 5]

    [3 0]
    [0 3]

    [5 5]
    [5 2]

    [3 6]
    [0 3]

    [3 4]
    [6 3]

    [1 0]
    [4 1]

    [1 4]
    [0 1]

    [5 0]
    [0 5]
MatrixGroup(2, IntegerRing(8)) of order 2^8 * 3
Generators:
    [1 0]
    [0 7]

    [1 0]
    [0 5]

    [3 0]
    [0 3]

    [5 5]
    [5 2]

    [3 6]
    [0 3]

    [3 4]
    [6 3]

    [1 0]
    [4 1]

    [1 4]
    [0 1]

    [5 0]
    [0 5]
MatrixGroup(2, IntegerRing(8)) of order 2^7 * 3
Generators:
    [1 0]
    [0 7]

    [1 0]
    [0 5]

    [5 5]
    [5 2]

    [3 6]
    [0 3]

    [3 4]
    [6 3]

    [1 0]
    [4 1]

    [1 4]
    [0 1]

    [5 0]
    [0 5]
MatrixGroup(2, IntegerRing(8)) of order 2^7 * 3
Generators:
    [1 0]
    [0 7]

    [3 0]
    [0 7]

    [5 5]
    [5 2]

    [3 6]
    [0 3]

    [3 4]
    [6 3]

    [1 0]
    [4 1]

    [1 4]
    [0 1]

    [5 0]
    [0 5]
MatrixGroup(2, IntegerRing(8)) of order 2^7 * 3
Generators:
    [1 1]
    [0 7]

    [3 0]
    [0 7]

    [5 5]
    [5 2]

    [3 6]
    [0 3]

    [3 4]
    [6 3]

    [1 0]
    [4 1]

    [1 4]
    [0 1]

    [5 0]
    [0 5]
MatrixGroup(2, IntegerRing(8)) of order 2^7 * 3
Generators:
    [5 6]
    [6 7]

    [1 0]
    [0 5]

    [1 7]
    [6 3]

    [3 0]
    [0 3]

    [5 5]
    [5 2]

    [1 0]
    [4 1]

    [1 4]
    [0 1]

    [5 0]
    [0 5]
********************************
Result for level:
10
MatrixGroup(2, IntegerRing(10)) of order 2^6 * 3^2 * 5
Generators:
    [9 8]
    [9 1]

    [4 1]
    [3 9]

    [1 5]
    [0 1]

    [7 0]
    [0 7]

    [9 0]
    [0 9]

    [6 5]
    [5 1]
MatrixGroup(2, IntegerRing(10)) of order 2^5 * 3^2 * 5
Generators:
    [9 3]
    [9 6]

    [3 3]
    [9 8]

    [7 0]
    [0 7]

    [9 0]
    [0 9]

    [6 5]
    [5 1]
MatrixGroup(2, IntegerRing(10)) of order 2^5 * 3^2 * 5
Generators:
    [9 8]
    [9 1]

    [3 8]
    [9 3]

    [7 0]
    [0 7]

    [9 0]
    [0 9]

    [6 5]
    [5 1]
MatrixGroup(2, IntegerRing(10)) of order 2^6 * 3^2
Generators:
    [1 2]
    [3 9]

    [1 3]
    [9 8]

    [9 9]
    [0 1]

    [1 0]
    [3 9]

    [1 5]
    [0 1]

    [7 0]
    [0 7]

    [9 0]
    [0 9]

    [6 5]
    [5 1]
********************************
Result for level:
12
MatrixGroup(2, IntegerRing(12)) of order 2^9 * 3^2
Generators:
    [ 1  0]
    [ 0 11]

    [1 0]
    [0 7]

    [1 1]
    [0 1]

    [7 0]
    [0 7]

    [1 4]
    [0 1]

    [5 9]
    [9 2]

    [7 6]
    [0 7]

    [7 0]
    [6 7]

    [9 8]
    [4 9]

    [5 4]
    [4 1]

    [5 0]
    [0 5]
MatrixGroup(2, IntegerRing(12)) of order 2^8 * 3^2
Generators:
    [ 1  1]
    [ 0 11]

    [1 1]
    [0 7]

    [7 0]
    [0 7]

    [1 4]
    [0 1]

    [5 9]
    [9 2]

    [7 6]
    [0 7]

    [7 0]
    [6 7]

    [9 8]
    [4 9]

    [5 4]
    [4 1]

    [5 0]
    [0 5]
MatrixGroup(2, IntegerRing(12)) of order 2^8 * 3^2
Generators:
    [ 1  0]
    [ 0 11]

    [1 1]
    [0 7]

    [7 0]
    [0 7]

    [1 4]
    [0 1]

    [5 9]
    [9 2]

    [7 6]
    [0 7]

    [7 0]
    [6 7]

    [9 8]
    [4 9]

    [5 4]
    [4 1]

    [5 0]
    [0 5]
MatrixGroup(2, IntegerRing(12)) of order 2^8 * 3^2
Generators:
    [ 1  1]
    [ 0 11]

    [1 0]
    [0 7]

    [7 0]
    [0 7]

    [1 4]
    [0 1]

    [5 9]
    [9 2]

    [7 6]
    [0 7]

    [7 0]
    [6 7]

    [9 8]
    [4 9]

    [5 4]
    [4 1]

    [5 0]
    [0 5]
MatrixGroup(2, IntegerRing(12)) of order 2^8 * 3^2
Generators:
    [ 1  0]
    [ 0 11]

    [1 0]
    [0 7]

    [7 0]
    [0 7]

    [1 4]
    [0 1]

    [5 9]
    [9 2]

    [7 6]
    [0 7]

    [7 0]
    [6 7]

    [9 8]
    [4 9]

    [5 4]
    [4 1]

    [5 0]
    [0 5]
MatrixGroup(2, IntegerRing(12)) of order 2^9 * 3
Generators:
    [ 1  0]
    [ 0 11]

    [1 0]
    [0 7]

    [1 9]
    [0 1]

    [7 0]
    [0 7]

    [5 9]
    [9 2]

    [7 6]
    [0 7]

    [7 0]
    [6 7]

    [9 8]
    [4 9]

    [5 4]
    [4 1]

    [5 0]
    [0 5]
MatrixGroup(2, IntegerRing(12)) of order 2^7 * 3^2
Generators:
    [ 1  0]
    [ 0 11]

    [1 0]
    [0 7]

    [1 4]
    [0 1]

    [5 9]
    [9 2]

    [7 6]
    [0 7]

    [7 0]
    [6 7]

    [9 8]
    [4 9]

    [5 4]
    [4 1]

    [5 0]
    [0 5]
MatrixGroup(2, IntegerRing(12)) of order 2^7 * 3^2
Generators:
    [7 0]
    [0 5]

    [1 0]
    [0 7]

    [1 4]
    [0 1]

    [5 9]
    [9 2]

    [7 6]
    [0 7]

    [7 0]
    [6 7]

    [9 8]
    [4 9]

    [5 4]
    [4 1]

    [5 0]
    [0 5]
MatrixGroup(2, IntegerRing(12)) of order 2^7 * 3^2
Generators:
    [7 7]
    [0 5]

    [1 1]
    [0 7]

    [1 4]
    [0 1]

    [5 9]
    [9 2]

    [7 6]
    [0 7]

    [7 0]
    [6 7]

    [9 8]
    [4 9]

    [5 4]
    [4 1]

    [5 0]
    [0 5]
MatrixGroup(2, IntegerRing(12)) of order 2^7 * 3^2
Generators:
    [ 1  0]
    [ 0 11]

    [1 0]
    [0 7]

    [1 1]
    [0 1]

    [7 0]
    [0 7]

    [1 4]
    [0 1]

    [5 9]
    [9 2]

    [7 6]
    [0 7]

    [7 0]
    [6 7]

    [5 0]
    [0 5]
MatrixGroup(2, IntegerRing(12)) of order 2^7 * 3^2
Generators:
    [ 1  6]
    [ 6 11]

    [1 6]
    [6 7]

    [1 7]
    [6 7]

    [7 0]
    [0 7]

    [1 4]
    [0 1]

    [5 9]
    [9 2]

    [9 8]
    [4 9]

    [5 4]
    [4 1]

    [5 0]
    [0 5]
MatrixGroup(2, IntegerRing(12)) of order 2^8 * 3
Generators:
    [ 1  0]
    [ 0 11]

    [1 0]
    [0 7]

    [5 1]
    [4 1]

    [7 0]
    [0 7]

    [5 9]
    [9 2]

    [7 6]
    [0 7]

    [7 0]
    [6 7]

    [9 8]
    [4 9]

    [5 0]
    [0 5]
MatrixGroup(2, IntegerRing(12)) of order 2^8 * 3
Generators:
    [ 1  0]
    [ 0 11]

    [1 0]
    [0 7]

    [1 9]
    [0 1]

    [7 0]
    [0 7]

    [5 9]
    [9 2]

    [7 6]
    [0 7]

    [7 0]
    [6 7]

    [9 8]
    [4 9]

    [5 0]
    [0 5]
MatrixGroup(2, IntegerRing(12)) of order 2^8 * 3
Generators:
    [ 5  4]
    [ 8 11]

    [1 0]
    [0 7]

    [1 9]
    [0 1]

    [7 0]
    [0 7]

    [5 9]
    [9 2]

    [7 6]
    [0 7]

    [7 0]
    [6 7]

    [9 8]
    [4 9]

    [5 0]
    [0 5]
MatrixGroup(2, IntegerRing(12)) of order 2^8 * 3
Generators:
    [ 5  4]
    [ 8 11]

    [5 4]
    [4 7]

    [1 9]
    [0 1]

    [7 0]
    [0 7]

    [5 9]
    [9 2]

    [7 6]
    [0 7]

    [7 0]
    [6 7]

    [9 8]
    [4 9]

    [5 0]
    [0 5]
MatrixGroup(2, IntegerRing(12)) of order 2^8 * 3
Generators:
    [ 1  0]
    [ 0 11]

    [5 4]
    [4 7]

    [1 9]
    [0 1]

    [7 0]
    [0 7]

    [5 9]
    [9 2]

    [7 6]
    [0 7]

    [7 0]
    [6 7]

    [9 8]
    [4 9]

    [5 0]
    [0 5]
MatrixGroup(2, IntegerRing(12)) of order 2^8 * 3
Generators:
    [ 1  0]
    [ 0 11]

    [5 4]
    [4 7]

    [5 1]
    [4 1]

    [7 0]
    [0 7]

    [5 9]
    [9 2]

    [7 6]
    [0 7]

    [7 0]
    [6 7]

    [9 8]
    [4 9]

    [5 0]
    [0 5]
MatrixGroup(2, IntegerRing(12)) of order 2^8 * 3
Generators:
    [ 5  4]
    [ 8 11]

    [5 4]
    [4 7]

    [5 1]
    [4 1]

    [7 0]
    [0 7]

    [5 9]
    [9 2]

    [7 6]
    [0 7]

    [7 0]
    [6 7]

    [9 8]
    [4 9]

    [5 0]
    [0 5]
MatrixGroup(2, IntegerRing(12)) of order 2^8 * 3
Generators:
    [ 5  4]
    [ 8 11]

    [1 0]
    [0 7]

    [5 1]
    [4 1]

    [7 0]
    [0 7]

    [5 9]
    [9 2]

    [7 6]
    [0 7]

    [7 0]
    [6 7]

    [9 8]
    [4 9]

    [5 0]
    [0 5]
********************************
Result for level:
14
MatrixGroup(2, IntegerRing(14)) of order 2^6 * 3^3 * 7
Generators:
    [ 0  1]
    [13  0]

    [ 3 11]
    [13 12]

    [1 7]
    [0 1]

    [13  0]
    [ 0 13]

    [9 0]
    [0 9]

    [1 7]
    [7 8]
MatrixGroup(2, IntegerRing(14)) of order 2^5 * 3^3 * 7
Generators:
    [ 0  1]
    [13  7]

    [3 1]
    [0 1]

    [13  0]
    [ 0 13]

    [9 0]
    [0 9]

    [1 7]
    [7 8]
MatrixGroup(2, IntegerRing(14)) of order 2^5 * 3^3 * 7
Generators:
    [ 0  1]
    [13  7]

    [3 8]
    [0 1]

    [13  0]
    [ 0 13]

    [9 0]
    [0 9]

    [1 7]
    [7 8]
********************************
Result for level:
16
MatrixGroup(2, IntegerRing(16)) of order 2^13 * 3
Generators:
    [ 1  0]
    [ 0 15]

    [1 0]
    [0 5]

    [1 1]
    [0 1]

    [1 0]
    [0 9]

    [11  0]
    [ 0  3]

    [ 5 13]
    [13  2]

    [ 3  6]
    [ 0 11]

    [ 3 12]
    [14  3]

    [9 4]
    [0 9]

    [1 8]
    [4 1]

    [ 5  8]
    [ 0 13]

    [13  0]
    [ 0  5]

    [13  8]
    [ 8  5]

    [9 0]
    [0 9]
MatrixGroup(2, IntegerRing(16)) of order 2^12 * 3
Generators:
    [ 1  1]
    [ 0 15]

    [1 1]
    [0 5]

    [1 0]
    [0 9]

    [11  0]
    [ 0  3]

    [ 5 13]
    [13  2]

    [ 3  6]
    [ 0 11]

    [ 3 12]
    [14  3]

    [9 4]
    [0 9]

    [1 8]
    [4 1]

    [ 5  8]
    [ 0 13]

    [13  0]
    [ 0  5]

    [13  8]
    [ 8  5]

    [9 0]
    [0 9]
MatrixGroup(2, IntegerRing(16)) of order 2^12 * 3
Generators:
    [ 1  0]
    [ 0 15]

    [1 1]
    [0 5]

    [1 0]
    [0 9]

    [11  0]
    [ 0  3]

    [ 5 13]
    [13  2]

    [ 3  6]
    [ 0 11]

    [ 3 12]
    [14  3]

    [9 4]
    [0 9]

    [1 8]
    [4 1]

    [ 5  8]
    [ 0 13]

    [13  0]
    [ 0  5]

    [13  8]
    [ 8  5]

    [9 0]
    [0 9]
MatrixGroup(2, IntegerRing(16)) of order 2^12 * 3
Generators:
    [ 1  1]
    [ 0 15]

    [1 0]
    [0 5]

    [1 0]
    [0 9]

    [11  0]
    [ 0  3]

    [ 5 13]
    [13  2]

    [ 3  6]
    [ 0 11]

    [ 3 12]
    [14  3]

    [9 4]
    [0 9]

    [1 8]
    [4 1]

    [ 5  8]
    [ 0 13]

    [13  0]
    [ 0  5]

    [13  8]
    [ 8  5]

    [9 0]
    [0 9]
MatrixGroup(2, IntegerRing(16)) of order 2^12 * 3
Generators:
    [ 1  0]
    [ 0 15]

    [1 0]
    [0 5]

    [1 0]
    [0 9]

    [11  0]
    [ 0  3]

    [ 5 13]
    [13  2]

    [ 3  6]
    [ 0 11]

    [ 3 12]
    [14  3]

    [9 4]
    [0 9]

    [1 8]
    [4 1]

    [ 5  8]
    [ 0 13]

    [13  0]
    [ 0  5]

    [13  8]
    [ 8  5]

    [9 0]
    [0 9]
MatrixGroup(2, IntegerRing(16)) of order 2^11 * 3
Generators:
    [11  0]
    [ 0 13]

    [11  0]
    [ 0 15]

    [1 0]
    [0 9]

    [ 5 13]
    [13  2]

    [ 3  6]
    [ 0 11]

    [ 3 12]
    [14  3]

    [9 4]
    [0 9]

    [1 8]
    [4 1]

    [ 5  8]
    [ 0 13]

    [13  0]
    [ 0  5]

    [13  8]
    [ 8  5]

    [9 0]
    [0 9]
MatrixGroup(2, IntegerRing(16)) of order 2^11 * 3
Generators:
    [11  3]
    [ 0 13]

    [11  0]
    [ 0 15]

    [1 0]
    [0 9]

    [ 5 13]
    [13  2]

    [ 3  6]
    [ 0 11]

    [ 3 12]
    [14  3]

    [9 4]
    [0 9]

    [1 8]
    [4 1]

    [ 5  8]
    [ 0 13]

    [13  0]
    [ 0  5]

    [13  8]
    [ 8  5]

    [9 0]
    [0 9]
MatrixGroup(2, IntegerRing(16)) of order 2^11 * 3
Generators:
    [ 1  0]
    [ 0 15]

    [1 0]
    [0 5]

    [1 0]
    [0 9]

    [ 5 13]
    [13  2]

    [ 3  6]
    [ 0 11]

    [ 3 12]
    [14  3]

    [9 4]
    [0 9]

    [1 8]
    [4 1]

    [ 5  8]
    [ 0 13]

    [13  0]
    [ 0  5]

    [13  8]
    [ 8  5]

    [9 0]
    [0 9]
MatrixGroup(2, IntegerRing(16)) of order 2^11 * 3
Generators:
    [13  6]
    [ 6 15]

    [1 0]
    [0 5]

    [ 1 15]
    [14  3]

    [1 0]
    [0 9]

    [11  0]
    [ 0  3]

    [ 5 13]
    [13  2]

    [9 4]
    [0 9]

    [1 8]
    [4 1]

    [ 5  8]
    [ 0 13]

    [13  0]
    [ 0  5]

    [13  8]
    [ 8  5]

    [9 0]
    [0 9]
MatrixGroup(2, IntegerRing(16)) of order 2^10 * 3
Generators:
    [ 1  1]
    [ 0 15]

    [1 0]
    [0 5]

    [1 0]
    [0 9]

    [11  0]
    [ 0  3]

    [ 5 13]
    [13  2]

    [9 4]
    [0 9]

    [1 8]
    [4 1]

    [ 5  8]
    [ 0 13]

    [13  0]
    [ 0  5]

    [13  8]
    [ 8  5]

    [9 0]
    [0 9]
MatrixGroup(2, IntegerRing(16)) of order 2^10 * 3
Generators:
    [13  6]
    [ 6 15]

    [ 1 15]
    [ 6 15]

    [1 0]
    [0 9]

    [11  0]
    [ 0  3]

    [ 5 13]
    [13  2]

    [9 4]
    [0 9]

    [1 8]
    [4 1]

    [ 5  8]
    [ 0 13]

    [13  0]
    [ 0  5]

    [13  8]
    [ 8  5]

    [9 0]
    [0 9]
MatrixGroup(2, IntegerRing(16)) of order 2^10 * 3
Generators:
    [ 1  1]
    [ 0 15]

    [ 1 15]
    [ 6 15]

    [1 0]
    [0 9]

    [11  0]
    [ 0  3]

    [ 5 13]
    [13  2]

    [9 4]
    [0 9]

    [1 8]
    [4 1]

    [ 5  8]
    [ 0 13]

    [13  0]
    [ 0  5]

    [13  8]
    [ 8  5]

    [9 0]
    [0 9]
MatrixGroup(2, IntegerRing(16)) of order 2^10 * 3
Generators:
    [13  6]
    [ 6 15]

    [1 0]
    [0 5]

    [1 0]
    [0 9]

    [11  0]
    [ 0  3]

    [ 5 13]
    [13  2]

    [9 4]
    [0 9]

    [1 8]
    [4 1]

    [ 5  8]
    [ 0 13]

    [13  0]
    [ 0  5]

    [13  8]
    [ 8  5]

    [9 0]
    [0 9]
********************************
Result for level:
18
MatrixGroup(2, IntegerRing(18)) of order 2^5 * 3^6
Generators:
    [ 1  0]
    [ 0 17]

    [1 1]
    [0 1]

    [ 1  0]
    [ 0 13]

    [ 1 14]
    [ 0  1]

    [ 2 17]
    [17  1]

    [ 3  2]
    [ 4 15]

    [17  4]
    [ 4  1]

    [17  0]
    [ 0 17]

    [ 7  0]
    [ 0 13]

    [13 12]
    [ 0  7]

    [1 6]
    [6 1]
MatrixGroup(2, IntegerRing(18)) of order 2^4 * 3^6
Generators:
    [ 1  1]
    [ 0 17]

    [ 1  0]
    [ 0 13]

    [ 1 14]
    [ 0  1]

    [ 2 17]
    [17  1]

    [ 3  2]
    [ 4 15]

    [17  4]
    [ 4  1]

    [17  0]
    [ 0 17]

    [ 7  0]
    [ 0 13]

    [13 12]
    [ 0  7]

    [1 6]
    [6 1]
MatrixGroup(2, IntegerRing(18)) of order 2^4 * 3^6
Generators:
    [ 1  0]
    [ 0 17]

    [ 1  0]
    [ 0 13]

    [ 1 14]
    [ 0  1]

    [ 2 17]
    [17  1]

    [ 3  2]
    [ 4 15]

    [17  4]
    [ 4  1]

    [17  0]
    [ 0 17]

    [ 7  0]
    [ 0 13]

    [13 12]
    [ 0  7]

    [1 6]
    [6 1]
MatrixGroup(2, IntegerRing(18)) of order 2^5 * 3^5
Generators:
    [ 1  0]
    [ 0 17]

    [ 1 15]
    [ 0  1]

    [ 1  0]
    [ 0 13]

    [ 2 17]
    [17  1]

    [ 3  2]
    [ 4 15]

    [17  4]
    [ 4  1]

    [17  0]
    [ 0 17]

    [ 7  0]
    [ 0 13]

    [13 12]
    [ 0  7]

    [1 6]
    [6 1]
MatrixGroup(2, IntegerRing(18)) of order 2^4 * 3^5
Generators:
    [ 1  0]
    [ 0 17]

    [ 2 17]
    [ 5 13]

    [ 1 14]
    [ 0  1]

    [ 3  2]
    [ 4 15]

    [17  4]
    [ 4  1]

    [17  0]
    [ 0 17]

    [ 7  0]
    [ 0 13]

    [13 12]
    [ 0  7]

    [1 6]
    [6 1]
MatrixGroup(2, IntegerRing(18)) of order 2^4 * 3^5
Generators:
    [ 1  0]
    [ 0 17]

    [ 1 15]
    [ 0  1]

    [ 1  0]
    [ 0 13]

    [12  7]
    [ 5 15]

    [ 3  2]
    [ 4 15]

    [17  0]
    [ 0 17]

    [ 7  0]
    [ 0 13]

    [13 12]
    [ 0  7]

    [1 6]
    [6 1]
MatrixGroup(2, IntegerRing(18)) of order 2^4 * 3^5
Generators:
    [17  4]
    [14 17]

    [ 1 15]
    [ 0  1]

    [ 1  0]
    [ 0 13]

    [12  7]
    [ 5 15]

    [ 3  2]
    [ 4 15]

    [17  0]
    [ 0 17]

    [ 7  0]
    [ 0 13]

    [13 12]
    [ 0  7]

    [1 6]
    [6 1]
MatrixGroup(2, IntegerRing(18)) of order 2^4 * 3^5
Generators:
    [17  4]
    [14 17]

    [5 1]
    [4 1]

    [ 1  0]
    [ 0 13]

    [12  7]
    [ 5 15]

    [ 3  2]
    [ 4 15]

    [17  0]
    [ 0 17]

    [ 7  0]
    [ 0 13]

    [13 12]
    [ 0  7]

    [1 6]
    [6 1]
MatrixGroup(2, IntegerRing(18)) of order 2^4 * 3^5
Generators:
    [ 1  0]
    [ 0 17]

    [5 1]
    [4 1]

    [ 1  0]
    [ 0 13]

    [12  7]
    [ 5 15]

    [ 3  2]
    [ 4 15]

    [17  0]
    [ 0 17]

    [ 7  0]
    [ 0 13]

    [13 12]
    [ 0  7]

    [1 6]
    [6 1]
MatrixGroup(2, IntegerRing(18)) of order 2^5 * 3^4
Generators:
    [ 1  0]
    [ 0 17]

    [13  9]
    [ 0  7]

    [ 1  0]
    [ 0 13]

    [ 8 17]
    [ 5 13]

    [ 3  2]
    [ 4 15]

    [ 5 16]
    [16  1]

    [17  0]
    [ 0 17]

    [ 7  0]
    [ 0 13]

    [1 6]
    [6 1]
********************************
Result for level:
20
MatrixGroup(2, IntegerRing(20)) of order 2^10 * 3^2 * 5
Generators:
    [19 18]
    [19  1]

    [13 18]
    [ 3 19]

    [ 1  0]
    [ 0 11]

    [11  5]
    [ 0 11]

    [13  0]
    [ 0  3]

    [9 0]
    [0 9]

    [11  0]
    [ 0 11]

    [16 15]
    [ 5 11]

    [ 1 10]
    [10  1]

    [11 10]
    [ 0 11]
MatrixGroup(2, IntegerRing(20)) of order 2^9 * 3^2 * 5
Generators:
    [19 18]
    [19  1]

    [ 6 17]
    [19  0]

    [13  0]
    [ 0 13]

    [ 3 15]
    [ 0 13]

    [9 0]
    [0 9]

    [11  0]
    [ 0 11]

    [16 15]
    [ 5 11]

    [ 1 10]
    [10  1]

    [11 10]
    [ 0 11]
MatrixGroup(2, IntegerRing(20)) of order 2^9 * 3^2 * 5
Generators:
    [19 18]
    [19 11]

    [ 6  7]
    [19  0]

    [13  0]
    [ 0 13]

    [ 3 15]
    [ 0 13]

    [9 0]
    [0 9]

    [11  0]
    [ 0 11]

    [16 15]
    [ 5 11]

    [ 1 10]
    [10  1]

    [11 10]
    [ 0 11]
MatrixGroup(2, IntegerRing(20)) of order 2^9 * 3^2 * 5
Generators:
    [19 18]
    [19  1]

    [ 6 17]
    [19  0]

    [ 1  0]
    [ 0 11]

    [13  0]
    [ 0  3]

    [9 0]
    [0 9]

    [11  0]
    [ 0 11]

    [16 15]
    [ 5 11]

    [ 1 10]
    [10  1]

    [11 10]
    [ 0 11]
MatrixGroup(2, IntegerRing(20)) of order 2^9 * 3^2 * 5
Generators:
    [ 9 13]
    [ 9  6]

    [ 6 17]
    [ 9 15]

    [ 1  0]
    [ 0 11]

    [13  0]
    [ 0  3]

    [9 0]
    [0 9]

    [11  0]
    [ 0 11]

    [16 15]
    [ 5 11]

    [ 1 10]
    [10  1]

    [11 10]
    [ 0 11]
MatrixGroup(2, IntegerRing(20)) of order 2^8 * 3^2 * 5
Generators:
    [ 9 13]
    [ 9  6]

    [19 17]
    [19  0]

    [ 1  0]
    [ 0 11]

    [13  0]
    [ 0  3]

    [9 0]
    [0 9]

    [16 15]
    [ 5 11]

    [ 1 10]
    [10  1]

    [11 10]
    [ 0 11]
MatrixGroup(2, IntegerRing(20)) of order 2^8 * 3^2 * 5
Generators:
    [19  3]
    [19  6]

    [9 7]
    [9 0]

    [ 1  0]
    [ 0 11]

    [13  0]
    [ 0  3]

    [9 0]
    [0 9]

    [16 15]
    [ 5 11]

    [ 1 10]
    [10  1]

    [11 10]
    [ 0 11]
MatrixGroup(2, IntegerRing(20)) of order 2^8 * 3^2 * 5
Generators:
    [19 18]
    [19 11]

    [9 7]
    [9 0]

    [13  0]
    [ 0 13]

    [ 3 15]
    [ 0 13]

    [9 0]
    [0 9]

    [16 15]
    [ 5 11]

    [ 1 10]
    [10  1]

    [11 10]
    [ 0 11]
MatrixGroup(2, IntegerRing(20)) of order 2^8 * 3^2 * 5
Generators:
    [19 18]
    [19  1]

    [ 9  7]
    [19 10]

    [ 1 10]
    [10 11]

    [11 15]
    [10  1]

    [13 10]
    [10  3]

    [9 0]
    [0 9]

    [11  0]
    [ 0 11]

    [6 5]
    [5 1]
MatrixGroup(2, IntegerRing(20)) of order 2^10 * 3^2
Generators:
    [14 19]
    [19  1]

    [ 1  3]
    [19 18]

    [11  0]
    [ 3 19]

    [ 1  6]
    [ 3 19]

    [ 1  0]
    [ 0 11]

    [11  5]
    [ 0 11]

    [13  0]
    [ 0  3]

    [9 0]
    [0 9]

    [11  0]
    [ 0 11]

    [16 15]
    [ 5 11]

    [ 1 10]
    [10  1]

    [11 10]
    [ 0 11]
MatrixGroup(2, IntegerRing(20)) of order 2^9 * 3^2
Generators:
    [ 0 17]
    [19  0]

    [ 7  8]
    [19  9]

    [9 0]
    [0 1]

    [ 0 11]
    [19  0]

    [13  0]
    [ 0 13]

    [ 3 15]
    [ 0 13]

    [9 0]
    [0 9]

    [11  0]
    [ 0 11]

    [16 15]
    [ 5 11]

    [ 1 10]
    [10  1]

    [11 10]
    [ 0 11]
MatrixGroup(2, IntegerRing(20)) of order 2^9 * 3^2
Generators:
    [ 0  7]
    [19  0]

    [ 7  8]
    [19  9]

    [9 0]
    [0 1]

    [ 0 11]
    [19  0]

    [13  0]
    [ 0 13]

    [ 3 15]
    [ 0 13]

    [9 0]
    [0 9]

    [11  0]
    [ 0 11]

    [16 15]
    [ 5 11]

    [ 1 10]
    [10  1]

    [11 10]
    [ 0 11]
MatrixGroup(2, IntegerRing(20)) of order 2^9 * 3^2
Generators:
    [ 0 17]
    [19  0]

    [17  3]
    [ 9  4]

    [9 0]
    [0 1]

    [ 0 11]
    [ 9 15]

    [ 1  0]
    [ 0 11]

    [13  0]
    [ 0  3]

    [9 0]
    [0 9]

    [11  0]
    [ 0 11]

    [16 15]
    [ 5 11]

    [ 1 10]
    [10  1]

    [11 10]
    [ 0 11]
MatrixGroup(2, IntegerRing(20)) of order 2^9 * 3^2
Generators:
    [ 0  7]
    [ 9 15]

    [17  3]
    [ 9  4]

    [9 0]
    [0 1]

    [ 0 11]
    [ 9 15]

    [ 1  0]
    [ 0 11]

    [13  0]
    [ 0  3]

    [9 0]
    [0 9]

    [11  0]
    [ 0 11]

    [16 15]
    [ 5 11]

    [ 1 10]
    [10  1]

    [11 10]
    [ 0 11]
MatrixGroup(2, IntegerRing(20)) of order 2^9 * 3^2
Generators:
    [ 6  3]
    [19 19]

    [ 9 14]
    [ 3 19]

    [ 0 17]
    [19  0]

    [ 1  0]
    [ 0 11]

    [11  5]
    [ 0 11]

    [13  0]
    [ 0  3]

    [9 0]
    [0 9]

    [11  0]
    [ 0 11]

    [16 15]
    [ 5 11]

    [ 1 10]
    [10  1]

    [11 10]
    [ 0 11]
********************************
Result for level:
22
MatrixGroup(2, IntegerRing(22)) of order 2^5 * 3^2 * 5^2 * 11
Generators:
    [ 0  1]
    [21  0]

    [18  9]
    [ 7  1]

    [ 1 11]
    [ 0  1]

    [21  0]
    [ 0 21]

    [15  0]
    [ 0 15]

    [ 1 11]
    [11 12]
MatrixGroup(2, IntegerRing(22)) of order 2^4 * 3^2 * 5^2 * 11
Generators:
    [ 0  1]
    [21 11]

    [ 2 17]
    [ 9  8]

    [21  0]
    [ 0 21]

    [15  0]
    [ 0 15]

    [ 1 11]
    [11 12]
MatrixGroup(2, IntegerRing(22)) of order 2^4 * 3^2 * 5^2 * 11
Generators:
    [ 0  1]
    [21 11]

    [ 2 17]
    [ 9 19]

    [21  0]
    [ 0 21]

    [15  0]
    [ 0 15]

    [ 1 11]
    [11 12]
********************************
Result for level:
24
MatrixGroup(2, IntegerRing(24)) of order 2^13 * 3^2
Generators:
    [ 1  0]
    [ 0 23]

    [1 0]
    [0 7]

    [ 1  0]
    [ 0 13]

    [1 1]
    [0 1]

    [19  0]
    [ 0 19]

    [ 1 16]
    [ 0  1]

    [ 5 21]
    [21  2]

    [19  6]
    [ 0 19]

    [19 12]
    [ 6 19]

    [ 9  8]
    [16  9]

    [17 16]
    [16  1]

    [ 1  0]
    [12  1]

    [ 1 12]
    [ 0  1]

    [13  0]
    [ 0 13]

    [17  0]
    [ 0 17]
MatrixGroup(2, IntegerRing(24)) of order 2^12 * 3^2
Generators:
    [ 1  1]
    [ 0 23]

    [1 1]
    [0 7]

    [ 1  1]
    [ 0 13]

    [19  0]
    [ 0 19]

    [ 1 16]
    [ 0  1]

    [ 5 21]
    [21  2]

    [19  6]
    [ 0 19]

    [19 12]
    [ 6 19]

    [ 9  8]
    [16  9]

    [17 16]
    [16  1]

    [ 1  0]
    [12  1]

    [ 1 12]
    [ 0  1]

    [13  0]
    [ 0 13]

    [17  0]
    [ 0 17]
MatrixGroup(2, IntegerRing(24)) of order 2^12 * 3^2
Generators:
    [ 1  0]
    [ 0 23]

    [1 1]
    [0 7]

    [ 1  1]
    [ 0 13]

    [19  0]
    [ 0 19]

    [ 1 16]
    [ 0  1]

    [ 5 21]
    [21  2]

    [19  6]
    [ 0 19]

    [19 12]
    [ 6 19]

    [ 9  8]
    [16  9]

    [17 16]
    [16  1]

    [ 1  0]
    [12  1]

    [ 1 12]
    [ 0  1]

    [13  0]
    [ 0 13]

    [17  0]
    [ 0 17]
MatrixGroup(2, IntegerRing(24)) of order 2^12 * 3^2
Generators:
    [ 1  1]
    [ 0 23]

    [1 0]
    [0 7]

    [ 1  1]
    [ 0 13]

    [19  0]
    [ 0 19]

    [ 1 16]
    [ 0  1]

    [ 5 21]
    [21  2]

    [19  6]
    [ 0 19]

    [19 12]
    [ 6 19]

    [ 9  8]
    [16  9]

    [17 16]
    [16  1]

    [ 1  0]
    [12  1]

    [ 1 12]
    [ 0  1]

    [13  0]
    [ 0 13]

    [17  0]
    [ 0 17]
MatrixGroup(2, IntegerRing(24)) of order 2^12 * 3^2
Generators:
    [ 1  0]
    [ 0 23]

    [1 0]
    [0 7]

    [ 1  1]
    [ 0 13]

    [19  0]
    [ 0 19]

    [ 1 16]
    [ 0  1]

    [ 5 21]
    [21  2]

    [19  6]
    [ 0 19]

    [19 12]
    [ 6 19]

    [ 9  8]
    [16  9]

    [17 16]
    [16  1]

    [ 1  0]
    [12  1]

    [ 1 12]
    [ 0  1]

    [13  0]
    [ 0 13]

    [17  0]
    [ 0 17]
MatrixGroup(2, IntegerRing(24)) of order 2^12 * 3^2
Generators:
    [ 1  1]
    [ 0 23]

    [1 1]
    [0 7]

    [ 1  0]
    [ 0 13]

    [19  0]
    [ 0 19]

    [ 1 16]
    [ 0  1]

    [ 5 21]
    [21  2]

    [19  6]
    [ 0 19]

    [19 12]
    [ 6 19]

    [ 9  8]
    [16  9]

    [17 16]
    [16  1]

    [ 1  0]
    [12  1]

    [ 1 12]
    [ 0  1]

    [13  0]
    [ 0 13]

    [17  0]
    [ 0 17]
MatrixGroup(2, IntegerRing(24)) of order 2^12 * 3^2
Generators:
    [ 1  0]
    [ 0 23]

    [1 1]
    [0 7]

    [ 1  0]
    [ 0 13]

    [19  0]
    [ 0 19]

    [ 1 16]
    [ 0  1]

    [ 5 21]
    [21  2]

    [19  6]
    [ 0 19]

    [19 12]
    [ 6 19]

    [ 9  8]
    [16  9]

    [17 16]
    [16  1]

    [ 1  0]
    [12  1]

    [ 1 12]
    [ 0  1]

    [13  0]
    [ 0 13]

    [17  0]
    [ 0 17]
MatrixGroup(2, IntegerRing(24)) of order 2^12 * 3^2
Generators:
    [ 1  1]
    [ 0 23]

    [1 0]
    [0 7]

    [ 1  0]
    [ 0 13]

    [19  0]
    [ 0 19]

    [ 1 16]
    [ 0  1]

    [ 5 21]
    [21  2]

    [19  6]
    [ 0 19]

    [19 12]
    [ 6 19]

    [ 9  8]
    [16  9]

    [17 16]
    [16  1]

    [ 1  0]
    [12  1]

    [ 1 12]
    [ 0  1]

    [13  0]
    [ 0 13]

    [17  0]
    [ 0 17]
MatrixGroup(2, IntegerRing(24)) of order 2^12 * 3^2
Generators:
    [ 1  0]
    [ 0 23]

    [1 0]
    [0 7]

    [ 1  0]
    [ 0 13]

    [19  0]
    [ 0 19]

    [ 1 16]
    [ 0  1]

    [ 5 21]
    [21  2]

    [19  6]
    [ 0 19]

    [19 12]
    [ 6 19]

    [ 9  8]
    [16  9]

    [17 16]
    [16  1]

    [ 1  0]
    [12  1]

    [ 1 12]
    [ 0  1]

    [13  0]
    [ 0 13]

    [17  0]
    [ 0 17]
MatrixGroup(2, IntegerRing(24)) of order 2^13 * 3
Generators:
    [ 1  0]
    [ 0 23]

    [1 0]
    [0 7]

    [ 1  0]
    [ 0 13]

    [1 9]
    [0 1]

    [19  0]
    [ 0 19]

    [ 5 21]
    [21  2]

    [19  6]
    [ 0 19]

    [19 12]
    [ 6 19]

    [ 9  8]
    [16  9]

    [17 16]
    [16  1]

    [ 1  0]
    [12  1]

    [ 1 12]
    [ 0  1]

    [13  0]
    [ 0 13]

    [17  0]
    [ 0 17]
MatrixGroup(2, IntegerRing(24)) of order 2^11 * 3^2
Generators:
    [ 1  0]
    [ 0 23]

    [1 0]
    [0 7]

    [ 1  0]
    [ 0 13]

    [ 1 16]
    [ 0  1]

    [ 5 21]
    [21  2]

    [19  6]
    [ 0 19]

    [19 12]
    [ 6 19]

    [ 9  8]
    [16  9]

    [17 16]
    [16  1]

    [ 1  0]
    [12  1]

    [ 1 12]
    [ 0  1]

    [13  0]
    [ 0 13]

    [17  0]
    [ 0 17]
MatrixGroup(2, IntegerRing(24)) of order 2^11 * 3^2
Generators:
    [19  0]
    [ 0  5]

    [1 0]
    [0 7]

    [ 1  0]
    [ 0 13]

    [ 1 16]
    [ 0  1]

    [ 5 21]
    [21  2]

    [19  6]
    [ 0 19]

    [19 12]
    [ 6 19]

    [ 9  8]
    [16  9]

    [17 16]
    [16  1]

    [ 1  0]
    [12  1]

    [ 1 12]
    [ 0  1]

    [13  0]
    [ 0 13]

    [17  0]
    [ 0 17]
MatrixGroup(2, IntegerRing(24)) of order 2^11 * 3^2
Generators:
    [ 1  0]
    [ 0 23]

    [1 0]
    [0 7]

    [19  0]
    [ 0  7]

    [ 1 16]
    [ 0  1]

    [ 5 21]
    [21  2]

    [19  6]
    [ 0 19]

    [19 12]
    [ 6 19]

    [ 9  8]
    [16  9]

    [17 16]
    [16  1]

    [ 1  0]
    [12  1]

    [ 1 12]
    [ 0  1]

    [13  0]
    [ 0 13]

    [17  0]
    [ 0 17]
MatrixGroup(2, IntegerRing(24)) of order 2^11 * 3^2
Generators:
    [19  0]
    [ 0  5]

    [1 0]
    [0 7]

    [19  0]
    [ 0  7]

    [ 1 16]
    [ 0  1]

    [ 5 21]
    [21  2]

    [19  6]
    [ 0 19]

    [19 12]
    [ 6 19]

    [ 9  8]
    [16  9]

    [17 16]
    [16  1]

    [ 1  0]
    [12  1]

    [ 1 12]
    [ 0  1]

    [13  0]
    [ 0 13]

    [17  0]
    [ 0 17]
MatrixGroup(2, IntegerRing(24)) of order 2^11 * 3^2
Generators:
    [19 19]
    [ 0  5]

    [1 1]
    [0 7]

    [ 1  0]
    [ 0 13]

    [ 1 16]
    [ 0  1]

    [ 5 21]
    [21  2]

    [19  6]
    [ 0 19]

    [19 12]
    [ 6 19]

    [ 9  8]
    [16  9]

    [17 16]
    [16  1]

    [ 1  0]
    [12  1]

    [ 1 12]
    [ 0  1]

    [13  0]
    [ 0 13]

    [17  0]
    [ 0 17]
MatrixGroup(2, IntegerRing(24)) of order 2^11 * 3^2
Generators:
    [ 1  1]
    [ 0 23]

    [1 1]
    [0 7]

    [19  0]
    [ 0  7]

    [ 1 16]
    [ 0  1]

    [ 5 21]
    [21  2]

    [19  6]
    [ 0 19]

    [19 12]
    [ 6 19]

    [ 9  8]
    [16  9]

    [17 16]
    [16  1]

    [ 1  0]
    [12  1]

    [ 1 12]
    [ 0  1]

    [13  0]
    [ 0 13]

    [17  0]
    [ 0 17]
MatrixGroup(2, IntegerRing(24)) of order 2^11 * 3^2
Generators:
    [19 19]
    [ 0  5]

    [1 1]
    [0 7]

    [19  0]
    [ 0  7]

    [ 1 16]
    [ 0  1]

    [ 5 21]
    [21  2]

    [19  6]
    [ 0 19]

    [19 12]
    [ 6 19]

    [ 9  8]
    [16  9]

    [17 16]
    [16  1]

    [ 1  0]
    [12  1]

    [ 1 12]
    [ 0  1]

    [13  0]
    [ 0 13]

    [17  0]
    [ 0 17]
MatrixGroup(2, IntegerRing(24)) of order 2^11 * 3^2
Generators:
    [ 1  0]
    [ 0 23]

    [1 0]
    [0 7]

    [ 1  0]
    [ 0 13]

    [1 1]
    [0 1]

    [19  0]
    [ 0 19]

    [ 1 16]
    [ 0  1]

    [ 5 21]
    [21  2]

    [19  6]
    [ 0 19]

    [19 12]
    [ 6 19]

    [ 1  0]
    [12  1]

    [ 1 12]
    [ 0  1]

    [13  0]
    [ 0 13]

    [17  0]
    [ 0 17]
MatrixGroup(2, IntegerRing(24)) of order 2^11 * 3^2
Generators:
    [13  6]
    [ 6 23]

    [13  6]
    [ 6  7]

    [ 1  0]
    [ 0 13]

    [ 1  7]
    [ 6 19]

    [19  0]
    [ 0 19]

    [ 1 16]
    [ 0  1]

    [ 5 21]
    [21  2]

    [ 9  8]
    [16  9]

    [17 16]
    [16  1]

    [ 1  0]
    [12  1]

    [ 1 12]
    [ 0  1]

    [13  0]
    [ 0 13]

    [17  0]
    [ 0 17]
MatrixGroup(2, IntegerRing(24)) of order 2^12 * 3
Generators:
    [ 1  0]
    [ 0 23]

    [1 0]
    [0 7]

    [ 1  0]
    [ 0 13]

    [17  1]
    [16  1]

    [19  0]
    [ 0 19]

    [ 5 21]
    [21  2]

    [19  6]
    [ 0 19]

    [19 12]
    [ 6 19]

    [ 9  8]
    [16  9]

    [ 1  0]
    [12  1]

    [ 1 12]
    [ 0  1]

    [13  0]
    [ 0 13]

    [17  0]
    [ 0 17]
MatrixGroup(2, IntegerRing(24)) of order 2^12 * 3
Generators:
    [ 1  0]
    [ 0 23]

    [1 0]
    [0 7]

    [ 1  0]
    [ 0 13]

    [1 9]
    [0 1]

    [19  0]
    [ 0 19]

    [ 5 21]
    [21  2]

    [19  6]
    [ 0 19]

    [19 12]
    [ 6 19]

    [ 9  8]
    [16  9]

    [ 1  0]
    [12  1]

    [ 1 12]
    [ 0  1]

    [13  0]
    [ 0 13]

    [17  0]
    [ 0 17]
MatrixGroup(2, IntegerRing(24)) of order 2^12 * 3
Generators:
    [17 16]
    [ 8 23]

    [1 0]
    [0 7]

    [ 1  0]
    [ 0 13]

    [1 9]
    [0 1]

    [19  0]
    [ 0 19]

    [ 5 21]
    [21  2]

    [19  6]
    [ 0 19]

    [19 12]
    [ 6 19]

    [ 9  8]
    [16  9]

    [ 1  0]
    [12  1]

    [ 1 12]
    [ 0  1]

    [13  0]
    [ 0 13]

    [17  0]
    [ 0 17]
MatrixGroup(2, IntegerRing(24)) of order 2^12 * 3
Generators:
    [17 16]
    [ 8 23]

    [17 16]
    [16  7]

    [ 1  0]
    [ 0 13]

    [1 9]
    [0 1]

    [19  0]
    [ 0 19]

    [ 5 21]
    [21  2]

    [19  6]
    [ 0 19]

    [19 12]
    [ 6 19]

    [ 9  8]
    [16  9]

    [ 1  0]
    [12  1]

    [ 1 12]
    [ 0  1]

    [13  0]
    [ 0 13]

    [17  0]
    [ 0 17]
MatrixGroup(2, IntegerRing(24)) of order 2^12 * 3
Generators:
    [ 1  0]
    [ 0 23]

    [17 16]
    [16  7]

    [ 1  0]
    [ 0 13]

    [1 9]
    [0 1]

    [19  0]
    [ 0 19]

    [ 5 21]
    [21  2]

    [19  6]
    [ 0 19]

    [19 12]
    [ 6 19]

    [ 9  8]
    [16  9]

    [ 1  0]
    [12  1]

    [ 1 12]
    [ 0  1]

    [13  0]
    [ 0 13]

    [17  0]
    [ 0 17]
MatrixGroup(2, IntegerRing(24)) of order 2^12 * 3
Generators:
    [ 1  0]
    [ 0 23]

    [17 16]
    [16  7]

    [17 16]
    [16 13]

    [1 9]
    [0 1]

    [19  0]
    [ 0 19]

    [ 5 21]
    [21  2]

    [19  6]
    [ 0 19]

    [19 12]
    [ 6 19]

    [ 9  8]
    [16  9]

    [ 1  0]
    [12  1]

    [ 1 12]
    [ 0  1]

    [13  0]
    [ 0 13]

    [17  0]
    [ 0 17]
MatrixGroup(2, IntegerRing(24)) of order 2^12 * 3
Generators:
    [17 16]
    [ 8 23]

    [17 16]
    [16  7]

    [17 16]
    [16 13]

    [1 9]
    [0 1]

    [19  0]
    [ 0 19]

    [ 5 21]
    [21  2]

    [19  6]
    [ 0 19]

    [19 12]
    [ 6 19]

    [ 9  8]
    [16  9]

    [ 1  0]
    [12  1]

    [ 1 12]
    [ 0  1]

    [13  0]
    [ 0 13]

    [17  0]
    [ 0 17]
MatrixGroup(2, IntegerRing(24)) of order 2^12 * 3
Generators:
    [17 16]
    [ 8 23]

    [1 0]
    [0 7]

    [17 16]
    [16 13]

    [1 9]
    [0 1]

    [19  0]
    [ 0 19]

    [ 5 21]
    [21  2]

    [19  6]
    [ 0 19]

    [19 12]
    [ 6 19]

    [ 9  8]
    [16  9]

    [ 1  0]
    [12  1]

    [ 1 12]
    [ 0  1]

    [13  0]
    [ 0 13]

    [17  0]
    [ 0 17]
MatrixGroup(2, IntegerRing(24)) of order 2^12 * 3
Generators:
    [ 1  0]
    [ 0 23]

    [1 0]
    [0 7]

    [17 16]
    [16 13]

    [1 9]
    [0 1]

    [19  0]
    [ 0 19]

    [ 5 21]
    [21  2]

    [19  6]
    [ 0 19]

    [19 12]
    [ 6 19]

    [ 9  8]
    [16  9]

    [ 1  0]
    [12  1]

    [ 1 12]
    [ 0  1]

    [13  0]
    [ 0 13]

    [17  0]
    [ 0 17]
MatrixGroup(2, IntegerRing(24)) of order 2^12 * 3
Generators:
    [ 1  0]
    [ 0 23]

    [1 0]
    [0 7]

    [17 16]
    [16 13]

    [17  1]
    [16  1]

    [19  0]
    [ 0 19]

    [ 5 21]
    [21  2]

    [19  6]
    [ 0 19]

    [19 12]
    [ 6 19]

    [ 9  8]
    [16  9]

    [ 1  0]
    [12  1]

    [ 1 12]
    [ 0  1]

    [13  0]
    [ 0 13]

    [17  0]
    [ 0 17]
MatrixGroup(2, IntegerRing(24)) of order 2^12 * 3
Generators:
    [17 16]
    [ 8 23]

    [1 0]
    [0 7]

    [17 16]
    [16 13]

    [17  1]
    [16  1]

    [19  0]
    [ 0 19]

    [ 5 21]
    [21  2]

    [19  6]
    [ 0 19]

    [19 12]
    [ 6 19]

    [ 9  8]
    [16  9]

    [ 1  0]
    [12  1]

    [ 1 12]
    [ 0  1]

    [13  0]
    [ 0 13]

    [17  0]
    [ 0 17]
MatrixGroup(2, IntegerRing(24)) of order 2^12 * 3
Generators:
    [17 16]
    [ 8 23]

    [17 16]
    [16  7]

    [17 16]
    [16 13]

    [17  1]
    [16  1]

    [19  0]
    [ 0 19]

    [ 5 21]
    [21  2]

    [19  6]
    [ 0 19]

    [19 12]
    [ 6 19]

    [ 9  8]
    [16  9]

    [ 1  0]
    [12  1]

    [ 1 12]
    [ 0  1]

    [13  0]
    [ 0 13]

    [17  0]
    [ 0 17]
MatrixGroup(2, IntegerRing(24)) of order 2^12 * 3
Generators:
    [ 1  0]
    [ 0 23]

    [17 16]
    [16  7]

    [17 16]
    [16 13]

    [17  1]
    [16  1]

    [19  0]
    [ 0 19]

    [ 5 21]
    [21  2]

    [19  6]
    [ 0 19]

    [19 12]
    [ 6 19]

    [ 9  8]
    [16  9]

    [ 1  0]
    [12  1]

    [ 1 12]
    [ 0  1]

    [13  0]
    [ 0 13]

    [17  0]
    [ 0 17]
MatrixGroup(2, IntegerRing(24)) of order 2^12 * 3
Generators:
    [ 1  0]
    [ 0 23]

    [17 16]
    [16  7]

    [ 1  0]
    [ 0 13]

    [17  1]
    [16  1]

    [19  0]
    [ 0 19]

    [ 5 21]
    [21  2]

    [19  6]
    [ 0 19]

    [19 12]
    [ 6 19]

    [ 9  8]
    [16  9]

    [ 1  0]
    [12  1]

    [ 1 12]
    [ 0  1]

    [13  0]
    [ 0 13]

    [17  0]
    [ 0 17]
MatrixGroup(2, IntegerRing(24)) of order 2^12 * 3
Generators:
    [17 16]
    [ 8 23]

    [17 16]
    [16  7]

    [ 1  0]
    [ 0 13]

    [17  1]
    [16  1]

    [19  0]
    [ 0 19]

    [ 5 21]
    [21  2]

    [19  6]
    [ 0 19]

    [19 12]
    [ 6 19]

    [ 9  8]
    [16  9]

    [ 1  0]
    [12  1]

    [ 1 12]
    [ 0  1]

    [13  0]
    [ 0 13]

    [17  0]
    [ 0 17]
MatrixGroup(2, IntegerRing(24)) of order 2^12 * 3
Generators:
    [17 16]
    [ 8 23]

    [1 0]
    [0 7]

    [ 1  0]
    [ 0 13]

    [17  1]
    [16  1]

    [19  0]
    [ 0 19]

    [ 5 21]
    [21  2]

    [19  6]
    [ 0 19]

    [19 12]
    [ 6 19]

    [ 9  8]
    [16  9]

    [ 1  0]
    [12  1]

    [ 1 12]
    [ 0  1]

    [13  0]
    [ 0 13]

    [17  0]
    [ 0 17]
MatrixGroup(2, IntegerRing(24)) of order 2^10 * 3^2
Generators:
    [13  6]
    [ 6 23]

    [13  6]
    [ 6  7]

    [ 1  0]
    [ 0 13]

    [19  0]
    [ 0 19]

    [ 1 16]
    [ 0  1]

    [ 5 21]
    [21  2]

    [ 9  8]
    [16  9]

    [17 16]
    [16  1]

    [ 1  0]
    [12  1]

    [ 1 12]
    [ 0  1]

    [13  0]
    [ 0 13]

    [17  0]
    [ 0 17]
MatrixGroup(2, IntegerRing(24)) of order 2^10 * 3^2
Generators:
    [ 1  1]
    [ 0 23]

    [13  6]
    [ 6  7]

    [ 1  0]
    [ 0 13]

    [19  0]
    [ 0 19]

    [ 1 16]
    [ 0  1]

    [ 5 21]
    [21  2]

    [ 9  8]
    [16  9]

    [17 16]
    [16  1]

    [ 1  0]
    [12  1]

    [ 1 12]
    [ 0  1]

    [13  0]
    [ 0 13]

    [17  0]
    [ 0 17]
MatrixGroup(2, IntegerRing(24)) of order 2^10 * 3^2
Generators:
    [ 1  0]
    [ 0 23]

    [1 1]
    [0 7]

    [ 1  0]
    [ 0 13]

    [19  0]
    [ 0 19]

    [ 1 16]
    [ 0  1]

    [ 5 21]
    [21  2]

    [19  6]
    [ 0 19]

    [19 12]
    [ 6 19]

    [ 1  0]
    [12  1]

    [ 1 12]
    [ 0  1]

    [13  0]
    [ 0 13]

    [17  0]
    [ 0 17]
MatrixGroup(2, IntegerRing(24)) of order 2^10 * 3^2
Generators:
    [13  6]
    [ 6 23]

    [1 1]
    [0 7]

    [ 1  0]
    [ 0 13]

    [19  0]
    [ 0 19]

    [ 1 16]
    [ 0  1]

    [ 5 21]
    [21  2]

    [ 9  8]
    [16  9]

    [17 16]
    [16  1]

    [ 1  0]
    [12  1]

    [ 1 12]
    [ 0  1]

    [13  0]
    [ 0 13]

    [17  0]
    [ 0 17]
MatrixGroup(2, IntegerRing(24)) of order 2^10 * 3^2
Generators:
    [ 1  1]
    [ 0 23]

    [1 1]
    [0 7]

    [ 1  0]
    [ 0 13]

    [19  0]
    [ 0 19]

    [ 1 16]
    [ 0  1]

    [ 5 21]
    [21  2]

    [19  6]
    [ 0 19]

    [19 12]
    [ 6 19]

    [ 1  0]
    [12  1]

    [ 1 12]
    [ 0  1]

    [13  0]
    [ 0 13]

    [17  0]
    [ 0 17]
MatrixGroup(2, IntegerRing(24)) of order 2^10 * 3^2
Generators:
    [ 1  1]
    [ 0 23]

    [1 1]
    [0 7]

    [ 1  0]
    [ 0 13]

    [19  0]
    [ 0 19]

    [ 1 16]
    [ 0  1]

    [ 5 21]
    [21  2]

    [ 9  8]
    [16  9]

    [17 16]
    [16  1]

    [ 1  0]
    [12  1]

    [ 1 12]
    [ 0  1]

    [13  0]
    [ 0 13]

    [17  0]
    [ 0 17]
MatrixGroup(2, IntegerRing(24)) of order 2^10 * 3^2
Generators:
    [ 1  0]
    [ 0 23]

    [1 0]
    [0 7]

    [ 1  1]
    [ 0 13]

    [19  0]
    [ 0 19]

    [ 1 16]
    [ 0  1]

    [ 5 21]
    [21  2]

    [19  6]
    [ 0 19]

    [19 12]
    [ 6 19]

    [ 1  0]
    [12  1]

    [ 1 12]
    [ 0  1]

    [13  0]
    [ 0 13]

    [17  0]
    [ 0 17]
MatrixGroup(2, IntegerRing(24)) of order 2^10 * 3^2
Generators:
    [13  6]
    [ 6 23]

    [13  6]
    [ 6  7]

    [1 7]
    [6 7]

    [19  0]
    [ 0 19]

    [ 1 16]
    [ 0  1]

    [ 5 21]
    [21  2]

    [ 9  8]
    [16  9]

    [17 16]
    [16  1]

    [ 1  0]
    [12  1]

    [ 1 12]
    [ 0  1]

    [13  0]
    [ 0 13]

    [17  0]
    [ 0 17]
MatrixGroup(2, IntegerRing(24)) of order 2^10 * 3^2
Generators:
    [ 1  1]
    [ 0 23]

    [1 0]
    [0 7]

    [ 1  1]
    [ 0 13]

    [19  0]
    [ 0 19]

    [ 1 16]
    [ 0  1]

    [ 5 21]
    [21  2]

    [19  6]
    [ 0 19]

    [19 12]
    [ 6 19]

    [ 1  0]
    [12  1]

    [ 1 12]
    [ 0  1]

    [13  0]
    [ 0 13]

    [17  0]
    [ 0 17]
MatrixGroup(2, IntegerRing(24)) of order 2^10 * 3^2
Generators:
    [ 1  1]
    [ 0 23]

    [13  6]
    [ 6  7]

    [1 7]
    [6 7]

    [19  0]
    [ 0 19]

    [ 1 16]
    [ 0  1]

    [ 5 21]
    [21  2]

    [ 9  8]
    [16  9]

    [17 16]
    [16  1]

    [ 1  0]
    [12  1]

    [ 1 12]
    [ 0  1]

    [13  0]
    [ 0 13]

    [17  0]
    [ 0 17]
MatrixGroup(2, IntegerRing(24)) of order 2^10 * 3^2
Generators:
    [ 1  0]
    [ 0 23]

    [1 1]
    [0 7]

    [ 1  1]
    [ 0 13]

    [19  0]
    [ 0 19]

    [ 1 16]
    [ 0  1]

    [ 5 21]
    [21  2]

    [19  6]
    [ 0 19]

    [19 12]
    [ 6 19]

    [ 1  0]
    [12  1]

    [ 1 12]
    [ 0  1]

    [13  0]
    [ 0 13]

    [17  0]
    [ 0 17]
MatrixGroup(2, IntegerRing(24)) of order 2^10 * 3^2
Generators:
    [13  6]
    [ 6 23]

    [1 1]
    [0 7]

    [1 7]
    [6 7]

    [19  0]
    [ 0 19]

    [ 1 16]
    [ 0  1]

    [ 5 21]
    [21  2]

    [ 9  8]
    [16  9]

    [17 16]
    [16  1]

    [ 1  0]
    [12  1]

    [ 1 12]
    [ 0  1]

    [13  0]
    [ 0 13]

    [17  0]
    [ 0 17]
MatrixGroup(2, IntegerRing(24)) of order 2^10 * 3^2
Generators:
    [ 1  1]
    [ 0 23]

    [1 1]
    [0 7]

    [ 1  1]
    [ 0 13]

    [19  0]
    [ 0 19]

    [ 1 16]
    [ 0  1]

    [ 5 21]
    [21  2]

    [19  6]
    [ 0 19]

    [19 12]
    [ 6 19]

    [ 1  0]
    [12  1]

    [ 1 12]
    [ 0  1]

    [13  0]
    [ 0 13]

    [17  0]
    [ 0 17]
MatrixGroup(2, IntegerRing(24)) of order 2^10 * 3^2
Generators:
    [ 1  1]
    [ 0 23]

    [1 1]
    [0 7]

    [1 7]
    [6 7]

    [19  0]
    [ 0 19]

    [ 1 16]
    [ 0  1]

    [ 5 21]
    [21  2]

    [ 9  8]
    [16  9]

    [17 16]
    [16  1]

    [ 1  0]
    [12  1]

    [ 1 12]
    [ 0  1]

    [13  0]
    [ 0 13]

    [17  0]
    [ 0 17]
MatrixGroup(2, IntegerRing(24)) of order 2^10 * 3^2
Generators:
    [17  0]
    [ 0  7]

    [17  0]
    [ 0 23]

    [ 1  0]
    [ 0 13]

    [1 1]
    [0 1]

    [19  0]
    [ 0 19]

    [ 1 16]
    [ 0  1]

    [13 21]
    [21 10]

    [19  6]
    [ 0 19]

    [19 12]
    [ 6 19]

    [ 1  0]
    [12  1]

    [ 1 12]
    [ 0  1]

    [13  0]
    [ 0 13]
MatrixGroup(2, IntegerRing(24)) of order 2^10 * 3^2
Generators:
    [ 1  0]
    [ 0 23]

    [17  0]
    [ 0 23]

    [ 1  0]
    [ 0 13]

    [1 1]
    [0 1]

    [19  0]
    [ 0 19]

    [ 1 16]
    [ 0  1]

    [13 21]
    [21 10]

    [19  6]
    [ 0 19]

    [19 12]
    [ 6 19]

    [ 1  0]
    [12  1]

    [ 1 12]
    [ 0  1]

    [13  0]
    [ 0 13]
MatrixGroup(2, IntegerRing(24)) of order 2^10 * 3^2
Generators:
    [ 1  0]
    [ 0 23]

    [17  0]
    [ 0 23]

    [17  0]
    [ 0  5]

    [1 1]
    [0 1]

    [19  0]
    [ 0 19]

    [ 1 16]
    [ 0  1]

    [13 21]
    [21 10]

    [19  6]
    [ 0 19]

    [19 12]
    [ 6 19]

    [ 1  0]
    [12  1]

    [ 1 12]
    [ 0  1]

    [13  0]
    [ 0 13]
MatrixGroup(2, IntegerRing(24)) of order 2^10 * 3^2
Generators:
    [17  0]
    [ 0  7]

    [17  0]
    [ 0 23]

    [17  0]
    [ 0  5]

    [1 1]
    [0 1]

    [19  0]
    [ 0 19]

    [ 1 16]
    [ 0  1]

    [13 21]
    [21 10]

    [19  6]
    [ 0 19]

    [19 12]
    [ 6 19]

    [ 1  0]
    [12  1]

    [ 1 12]
    [ 0  1]

    [13  0]
    [ 0 13]
MatrixGroup(2, IntegerRing(24)) of order 2^10 * 3^2
Generators:
    [17  0]
    [ 0  7]

    [1 0]
    [0 7]

    [17  0]
    [ 0  5]

    [1 1]
    [0 1]

    [19  0]
    [ 0 19]

    [ 1 16]
    [ 0  1]

    [13 21]
    [21 10]

    [19  6]
    [ 0 19]

    [19 12]
    [ 6 19]

    [ 1  0]
    [12  1]

    [ 1 12]
    [ 0  1]

    [13  0]
    [ 0 13]
MatrixGroup(2, IntegerRing(24)) of order 2^10 * 3^2
Generators:
    [ 1  0]
    [ 0 23]

    [1 0]
    [0 7]

    [17  0]
    [ 0  5]

    [1 1]
    [0 1]

    [19  0]
    [ 0 19]

    [ 1 16]
    [ 0  1]

    [13 21]
    [21 10]

    [19  6]
    [ 0 19]

    [19 12]
    [ 6 19]

    [ 1  0]
    [12  1]

    [ 1 12]
    [ 0  1]

    [13  0]
    [ 0 13]
MatrixGroup(2, IntegerRing(24)) of order 2^10 * 3^2
Generators:
    [ 1  0]
    [ 0 23]

    [1 0]
    [0 7]

    [17  0]
    [ 0  5]

    [17 17]
    [ 0 17]

    [19  0]
    [ 0 19]

    [ 1 16]
    [ 0  1]

    [13 21]
    [21 10]

    [19  6]
    [ 0 19]

    [19 12]
    [ 6 19]

    [ 1  0]
    [12  1]

    [ 1 12]
    [ 0  1]

    [13  0]
    [ 0 13]
MatrixGroup(2, IntegerRing(24)) of order 2^10 * 3^2
Generators:
    [17  0]
    [ 0  7]

    [1 0]
    [0 7]

    [17  0]
    [ 0  5]

    [17 17]
    [ 0 17]

    [19  0]
    [ 0 19]

    [ 1 16]
    [ 0  1]

    [13 21]
    [21 10]

    [19  6]
    [ 0 19]

    [19 12]
    [ 6 19]

    [ 1  0]
    [12  1]

    [ 1 12]
    [ 0  1]

    [13  0]
    [ 0 13]
MatrixGroup(2, IntegerRing(24)) of order 2^10 * 3^2
Generators:
    [17  0]
    [ 0  7]

    [17  0]
    [ 0 23]

    [17  0]
    [ 0  5]

    [17 17]
    [ 0 17]

    [19  0]
    [ 0 19]

    [ 1 16]
    [ 0  1]

    [13 21]
    [21 10]

    [19  6]
    [ 0 19]

    [19 12]
    [ 6 19]

    [ 1  0]
    [12  1]

    [ 1 12]
    [ 0  1]

    [13  0]
    [ 0 13]
MatrixGroup(2, IntegerRing(24)) of order 2^10 * 3^2
Generators:
    [ 1  0]
    [ 0 23]

    [17  0]
    [ 0 23]

    [17  0]
    [ 0  5]

    [17 17]
    [ 0 17]

    [19  0]
    [ 0 19]

    [ 1 16]
    [ 0  1]

    [13 21]
    [21 10]

    [19  6]
    [ 0 19]

    [19 12]
    [ 6 19]

    [ 1  0]
    [12  1]

    [ 1 12]
    [ 0  1]

    [13  0]
    [ 0 13]
MatrixGroup(2, IntegerRing(24)) of order 2^10 * 3^2
Generators:
    [ 1  0]
    [ 0 23]

    [17  0]
    [ 0 23]

    [ 1  0]
    [ 0 13]

    [17 17]
    [ 0 17]

    [19  0]
    [ 0 19]

    [ 1 16]
    [ 0  1]

    [13 21]
    [21 10]

    [19  6]
    [ 0 19]

    [19 12]
    [ 6 19]

    [ 1  0]
    [12  1]

    [ 1 12]
    [ 0  1]

    [13  0]
    [ 0 13]
MatrixGroup(2, IntegerRing(24)) of order 2^10 * 3^2
Generators:
    [17  0]
    [ 0  7]

    [17  0]
    [ 0 23]

    [ 1  0]
    [ 0 13]

    [17 17]
    [ 0 17]

    [19  0]
    [ 0 19]

    [ 1 16]
    [ 0  1]

    [13 21]
    [21 10]

    [19  6]
    [ 0 19]

    [19 12]
    [ 6 19]

    [ 1  0]
    [12  1]

    [ 1 12]
    [ 0  1]

    [13  0]
    [ 0 13]
MatrixGroup(2, IntegerRing(24)) of order 2^10 * 3^2
Generators:
    [ 1  0]
    [ 0 23]

    [1 0]
    [0 7]

    [ 1  0]
    [ 0 13]

    [19  0]
    [ 0 19]

    [ 1 16]
    [ 0  1]

    [ 5 21]
    [21  2]

    [19  6]
    [ 0 19]

    [19 12]
    [ 6 19]

    [ 1  0]
    [12  1]

    [ 1 12]
    [ 0  1]

    [13  0]
    [ 0 13]

    [17  0]
    [ 0 17]
