Example Found
*************************
SL@ level 
2


MatrixGroup(2, IntegerRing(8)) of order 2^8 * 3
Generators:
    [1 1]
    [0 7]

    [1 1]
    [0 5]

    [3 0]
    [0 3]

    [5 5]
    [5 2]

    [3 6]
    [0 3]

    [3 4]
    [6 3]

    [1 0]
    [4 1]

    [1 4]
    [0 1]

    [5 0]
    [0 5]
Example Found
*************************
SL@ level 
2


MatrixGroup(2, IntegerRing(8)) of order 2^8 * 3
Generators:
    [1 0]
    [0 7]

    [1 1]
    [0 5]

    [3 0]
    [0 3]

    [5 5]
    [5 2]

    [3 6]
    [0 3]

    [3 4]
    [6 3]

    [1 0]
    [4 1]

    [1 4]
    [0 1]

    [5 0]
    [0 5]
Example Found
*************************
SL@ level 
2


MatrixGroup(2, IntegerRing(8)) of order 2^8 * 3
Generators:
    [1 1]
    [0 7]

    [1 0]
    [0 5]

    [3 0]
    [0 3]

    [5 5]
    [5 2]

    [3 6]
    [0 3]

    [3 4]
    [6 3]

    [1 0]
    [4 1]

    [1 4]
    [0 1]

    [5 0]
    [0 5]
Example Found
*************************
SL@ level 
2


MatrixGroup(2, IntegerRing(8)) of order 2^8 * 3
Generators:
    [1 0]
    [0 7]

    [1 0]
    [0 5]

    [3 0]
    [0 3]

    [5 5]
    [5 2]

    [3 6]
    [0 3]

    [3 4]
    [6 3]

    [1 0]
    [4 1]

    [1 4]
    [0 1]

    [5 0]
    [0 5]
function done
Example Found
*************************
SL@ level 
2


MatrixGroup(2, IntegerRing(16)) of order 2^12 * 3
Generators:
    [ 1  1]
    [ 0 15]

    [1 1]
    [0 5]

    [1 0]
    [0 9]

    [11  0]
    [ 0  3]

    [ 5 13]
    [13  2]

    [ 3  6]
    [ 0 11]

    [ 3 12]
    [14  3]

    [9 4]
    [0 9]

    [1 8]
    [4 1]

    [ 5  8]
    [ 0 13]

    [13  0]
    [ 0  5]

    [13  8]
    [ 8  5]

    [9 0]
    [0 9]
Example Found
*************************
SL@ level 
2


MatrixGroup(2, IntegerRing(16)) of order 2^12 * 3
Generators:
    [ 1  0]
    [ 0 15]

    [1 1]
    [0 5]

    [1 0]
    [0 9]

    [11  0]
    [ 0  3]

    [ 5 13]
    [13  2]

    [ 3  6]
    [ 0 11]

    [ 3 12]
    [14  3]

    [9 4]
    [0 9]

    [1 8]
    [4 1]

    [ 5  8]
    [ 0 13]

    [13  0]
    [ 0  5]

    [13  8]
    [ 8  5]

    [9 0]
    [0 9]
Example Found
*************************
SL@ level 
2


MatrixGroup(2, IntegerRing(16)) of order 2^12 * 3
Generators:
    [ 1  1]
    [ 0 15]

    [1 0]
    [0 5]

    [1 0]
    [0 9]

    [11  0]
    [ 0  3]

    [ 5 13]
    [13  2]

    [ 3  6]
    [ 0 11]

    [ 3 12]
    [14  3]

    [9 4]
    [0 9]

    [1 8]
    [4 1]

    [ 5  8]
    [ 0 13]

    [13  0]
    [ 0  5]

    [13  8]
    [ 8  5]

    [9 0]
    [0 9]
Example Found
*************************
SL@ level 
2


MatrixGroup(2, IntegerRing(16)) of order 2^12 * 3
Generators:
    [ 1  0]
    [ 0 15]

    [1 0]
    [0 5]

    [1 0]
    [0 9]

    [11  0]
    [ 0  3]

    [ 5 13]
    [13  2]

    [ 3  6]
    [ 0 11]

    [ 3 12]
    [14  3]

    [9 4]
    [0 9]

    [1 8]
    [4 1]

    [ 5  8]
    [ 0 13]

    [13  0]
    [ 0  5]

    [13  8]
    [ 8  5]

    [9 0]
    [0 9]
Example Found
*************************
SL@ level 
4


MatrixGroup(2, IntegerRing(16)) of order 2^11 * 3
Generators:
    [11  0]
    [ 0 13]

    [11  0]
    [ 0 15]

    [1 0]
    [0 9]

    [ 5 13]
    [13  2]

    [ 3  6]
    [ 0 11]

    [ 3 12]
    [14  3]

    [9 4]
    [0 9]

    [1 8]
    [4 1]

    [ 5  8]
    [ 0 13]

    [13  0]
    [ 0  5]

    [13  8]
    [ 8  5]

    [9 0]
    [0 9]
Example Found
*************************
SL@ level 
4


MatrixGroup(2, IntegerRing(16)) of order 2^11 * 3
Generators:
    [11  3]
    [ 0 13]

    [11  0]
    [ 0 15]

    [1 0]
    [0 9]

    [ 5 13]
    [13  2]

    [ 3  6]
    [ 0 11]

    [ 3 12]
    [14  3]

    [9 4]
    [0 9]

    [1 8]
    [4 1]

    [ 5  8]
    [ 0 13]

    [13  0]
    [ 0  5]

    [13  8]
    [ 8  5]

    [9 0]
    [0 9]
Example Found
*************************
SL@ level 
4


MatrixGroup(2, IntegerRing(16)) of order 2^11 * 3
Generators:
    [ 1  0]
    [ 0 15]

    [1 0]
    [0 5]

    [1 0]
    [0 9]

    [ 5 13]
    [13  2]

    [ 3  6]
    [ 0 11]

    [ 3 12]
    [14  3]

    [9 4]
    [0 9]

    [1 8]
    [4 1]

    [ 5  8]
    [ 0 13]

    [13  0]
    [ 0  5]

    [13  8]
    [ 8  5]

    [9 0]
    [0 9]
Example Found
*************************
SL@ level 
4


MatrixGroup(2, IntegerRing(16)) of order 2^11 * 3
Generators:
    [13  6]
    [ 6 15]

    [1 0]
    [0 5]

    [ 1 15]
    [14  3]

    [1 0]
    [0 9]

    [11  0]
    [ 0  3]

    [ 5 13]
    [13  2]

    [9 4]
    [0 9]

    [1 8]
    [4 1]

    [ 5  8]
    [ 0 13]

    [13  0]
    [ 0  5]

    [13  8]
    [ 8  5]

    [9 0]
    [0 9]
Example Found
*************************
SL@ level 
4


MatrixGroup(2, IntegerRing(16)) of order 2^10 * 3
Generators:
    [ 1  1]
    [ 0 15]

    [1 0]
    [0 5]

    [1 0]
    [0 9]

    [11  0]
    [ 0  3]

    [ 5 13]
    [13  2]

    [9 4]
    [0 9]

    [1 8]
    [4 1]

    [ 5  8]
    [ 0 13]

    [13  0]
    [ 0  5]

    [13  8]
    [ 8  5]

    [9 0]
    [0 9]
Example Found
*************************
SL@ level 
4


MatrixGroup(2, IntegerRing(16)) of order 2^10 * 3
Generators:
    [13  6]
    [ 6 15]

    [ 1 15]
    [ 6 15]

    [1 0]
    [0 9]

    [11  0]
    [ 0  3]

    [ 5 13]
    [13  2]

    [9 4]
    [0 9]

    [1 8]
    [4 1]

    [ 5  8]
    [ 0 13]

    [13  0]
    [ 0  5]

    [13  8]
    [ 8  5]

    [9 0]
    [0 9]
Example Found
*************************
SL@ level 
4


MatrixGroup(2, IntegerRing(16)) of order 2^10 * 3
Generators:
    [ 1  1]
    [ 0 15]

    [ 1 15]
    [ 6 15]

    [1 0]
    [0 9]

    [11  0]
    [ 0  3]

    [ 5 13]
    [13  2]

    [9 4]
    [0 9]

    [1 8]
    [4 1]

    [ 5  8]
    [ 0 13]

    [13  0]
    [ 0  5]

    [13  8]
    [ 8  5]

    [9 0]
    [0 9]
Example Found
*************************
SL@ level 
4


MatrixGroup(2, IntegerRing(16)) of order 2^10 * 3
Generators:
    [13  6]
    [ 6 15]

    [1 0]
    [0 5]

    [1 0]
    [0 9]

    [11  0]
    [ 0  3]

    [ 5 13]
    [13  2]

    [9 4]
    [0 9]

    [1 8]
    [4 1]

    [ 5  8]
    [ 0 13]

    [13  0]
    [ 0  5]

    [13  8]
    [ 8  5]

    [9 0]
    [0 9]
Example Found
*************************
SL@ level 
4


MatrixGroup(2, IntegerRing(16)) of order 2^9 * 3
Generators:
    [13  6]
    [ 6 15]

    [1 0]
    [0 5]

    [1 0]
    [0 9]

    [ 5 13]
    [13  2]

    [9 4]
    [0 9]

    [1 8]
    [4 1]

    [ 5  8]
    [ 0 13]

    [13  0]
    [ 0  5]

    [13  8]
    [ 8  5]

    [9 0]
    [0 9]
function done
Example Found
*************************
SL@ level 
2


MatrixGroup(2, IntegerRing(32)) of order 2^16 * 3
Generators:
    [ 1  1]
    [ 0 31]

    [1 1]
    [0 5]

    [ 1  0]
    [ 0 25]

    [ 1  0]
    [ 0 17]

    [19  0]
    [ 0 27]

    [ 5 29]
    [29  2]

    [ 3 22]
    [ 0 11]

    [ 3 28]
    [30  3]

    [ 9 20]
    [ 0 25]

    [17  8]
    [20 17]

    [29  0]
    [ 0 21]

    [29 24]
    [ 0 21]

    [25  0]
    [ 0  9]

    [ 9 16]
    [ 0 25]

    [13  8]
    [24  5]

    [ 9 16]
    [16 25]

    [17  0]
    [ 0 17]
Example Found
*************************
SL@ level 
2


MatrixGroup(2, IntegerRing(32)) of order 2^16 * 3
Generators:
    [ 1  0]
    [ 0 31]

    [1 1]
    [0 5]

    [ 1  0]
    [ 0 25]

    [ 1  0]
    [ 0 17]

    [19  0]
    [ 0 27]

    [ 5 29]
    [29  2]

    [ 3 22]
    [ 0 11]

    [ 3 28]
    [30  3]

    [ 9 20]
    [ 0 25]

    [17  8]
    [20 17]

    [29  0]
    [ 0 21]

    [29 24]
    [ 0 21]

    [25  0]
    [ 0  9]

    [ 9 16]
    [ 0 25]

    [13  8]
    [24  5]

    [ 9 16]
    [16 25]

    [17  0]
    [ 0 17]
Example Found
*************************
SL@ level 
2


MatrixGroup(2, IntegerRing(32)) of order 2^16 * 3
Generators:
    [ 1  1]
    [ 0 31]

    [1 0]
    [0 5]

    [ 1  0]
    [ 0 25]

    [ 1  0]
    [ 0 17]

    [19  0]
    [ 0 27]

    [ 5 29]
    [29  2]

    [ 3 22]
    [ 0 11]

    [ 3 28]
    [30  3]

    [ 9 20]
    [ 0 25]

    [17  8]
    [20 17]

    [29  0]
    [ 0 21]

    [29 24]
    [ 0 21]

    [25  0]
    [ 0  9]

    [ 9 16]
    [ 0 25]

    [13  8]
    [24  5]

    [ 9 16]
    [16 25]

    [17  0]
    [ 0 17]
Example Found
*************************
SL@ level 
2


MatrixGroup(2, IntegerRing(32)) of order 2^16 * 3
Generators:
    [ 1  0]
    [ 0 31]

    [1 0]
    [0 5]

    [ 1  0]
    [ 0 25]

    [ 1  0]
    [ 0 17]

    [19  0]
    [ 0 27]

    [ 5 29]
    [29  2]

    [ 3 22]
    [ 0 11]

    [ 3 28]
    [30  3]

    [ 9 20]
    [ 0 25]

    [17  8]
    [20 17]

    [29  0]
    [ 0 21]

    [29 24]
    [ 0 21]

    [25  0]
    [ 0  9]

    [ 9 16]
    [ 0 25]

    [13  8]
    [24  5]

    [ 9 16]
    [16 25]

    [17  0]
    [ 0 17]
Example Found
*************************
SL@ level 
4


MatrixGroup(2, IntegerRing(32)) of order 2^15 * 3
Generators:
    [19  0]
    [ 0  5]

    [19  0]
    [ 0  7]

    [ 1  0]
    [ 0 25]

    [ 1  0]
    [ 0 17]

    [ 5 29]
    [29  2]

    [ 3 22]
    [ 0 11]

    [ 3 28]
    [30  3]

    [ 9 20]
    [ 0 25]

    [17  8]
    [20 17]

    [29  0]
    [ 0 21]

    [29 24]
    [ 0 21]

    [25  0]
    [ 0  9]

    [ 9 16]
    [ 0 25]

    [13  8]
    [24  5]

    [ 9 16]
    [16 25]

    [17  0]
    [ 0 17]
Example Found
*************************
SL@ level 
4


MatrixGroup(2, IntegerRing(32)) of order 2^15 * 3
Generators:
    [19 27]
    [ 0  5]

    [19  0]
    [ 0  7]

    [ 1  0]
    [ 0 25]

    [ 1  0]
    [ 0 17]

    [ 5 29]
    [29  2]

    [ 3 22]
    [ 0 11]

    [ 3 28]
    [30  3]

    [ 9 20]
    [ 0 25]

    [17  8]
    [20 17]

    [29  0]
    [ 0 21]

    [29 24]
    [ 0 21]

    [25  0]
    [ 0  9]

    [ 9 16]
    [ 0 25]

    [13  8]
    [24  5]

    [ 9 16]
    [16 25]

    [17  0]
    [ 0 17]
Example Found
*************************
SL@ level 
4


MatrixGroup(2, IntegerRing(32)) of order 2^15 * 3
Generators:
    [ 1  0]
    [ 0 31]

    [1 0]
    [0 5]

    [ 1  0]
    [ 0 25]

    [ 1  0]
    [ 0 17]

    [ 5 29]
    [29  2]

    [ 3 22]
    [ 0 11]

    [ 3 28]
    [30  3]

    [ 9 20]
    [ 0 25]

    [17  8]
    [20 17]

    [29  0]
    [ 0 21]

    [29 24]
    [ 0 21]

    [25  0]
    [ 0  9]

    [ 9 16]
    [ 0 25]

    [13  8]
    [24  5]

    [ 9 16]
    [16 25]

    [17  0]
    [ 0 17]
Example Found
*************************
SL@ level 
4


MatrixGroup(2, IntegerRing(32)) of order 2^15 * 3
Generators:
    [29 22]
    [22 31]

    [1 0]
    [0 5]

    [ 1 31]
    [30  3]

    [ 1  0]
    [ 0 25]

    [ 1  0]
    [ 0 17]

    [19  0]
    [ 0 27]

    [ 5 29]
    [29  2]

    [ 9 20]
    [ 0 25]

    [17  8]
    [20 17]

    [29  0]
    [ 0 21]

    [29 24]
    [ 0 21]

    [25  0]
    [ 0  9]

    [ 9 16]
    [ 0 25]

    [13  8]
    [24  5]

    [ 9 16]
    [16 25]

    [17  0]
    [ 0 17]
Example Found
*************************
SL@ level 
4


MatrixGroup(2, IntegerRing(32)) of order 2^14 * 3
Generators:
    [29 22]
    [22 31]

    [1 0]
    [0 5]

    [ 1  0]
    [ 0 25]

    [ 1  0]
    [ 0 17]

    [19  0]
    [ 0 27]

    [ 5 29]
    [29  2]

    [ 9 20]
    [ 0 25]

    [17  8]
    [20 17]

    [29  0]
    [ 0 21]

    [29 24]
    [ 0 21]

    [25  0]
    [ 0  9]

    [ 9 16]
    [ 0 25]

    [13  8]
    [24  5]

    [ 9 16]
    [16 25]

    [17  0]
    [ 0 17]
Example Found
*************************
SL@ level 
4


MatrixGroup(2, IntegerRing(32)) of order 2^14 * 3
Generators:
    [ 1  1]
    [ 0 31]

    [1 0]
    [0 5]

    [ 1  0]
    [ 0 25]

    [ 1  0]
    [ 0 17]

    [19  0]
    [ 0 27]

    [ 5 29]
    [29  2]

    [ 9 20]
    [ 0 25]

    [17  8]
    [20 17]

    [29  0]
    [ 0 21]

    [29 24]
    [ 0 21]

    [25  0]
    [ 0  9]

    [ 9 16]
    [ 0 25]

    [13  8]
    [24  5]

    [ 9 16]
    [16 25]

    [17  0]
    [ 0 17]
Example Found
*************************
SL@ level 
4


MatrixGroup(2, IntegerRing(32)) of order 2^14 * 3
Generators:
    [29 22]
    [22 31]

    [ 1 31]
    [22 15]

    [ 1  0]
    [ 0 25]

    [ 1  0]
    [ 0 17]

    [19  0]
    [ 0 27]

    [ 5 29]
    [29  2]

    [ 9 20]
    [ 0 25]

    [17  8]
    [20 17]

    [29  0]
    [ 0 21]

    [29 24]
    [ 0 21]

    [25  0]
    [ 0  9]

    [ 9 16]
    [ 0 25]

    [13  8]
    [24  5]

    [ 9 16]
    [16 25]

    [17  0]
    [ 0 17]
Example Found
*************************
SL@ level 
4


MatrixGroup(2, IntegerRing(32)) of order 2^14 * 3
Generators:
    [ 1  1]
    [ 0 31]

    [ 1 31]
    [22 15]

    [ 1  0]
    [ 0 25]

    [ 1  0]
    [ 0 17]

    [19  0]
    [ 0 27]

    [ 5 29]
    [29  2]

    [ 9 20]
    [ 0 25]

    [17  8]
    [20 17]

    [29  0]
    [ 0 21]

    [29 24]
    [ 0 21]

    [25  0]
    [ 0  9]

    [ 9 16]
    [ 0 25]

    [13  8]
    [24  5]

    [ 9 16]
    [16 25]

    [17  0]
    [ 0 17]
Example Found
*************************
SL@ level 
8


MatrixGroup(2, IntegerRing(32)) of order 2^13 * 3
Generators:
    [ 1  1]
    [ 0 31]

    [ 1 31]
    [22 15]

    [13  8]
    [24 29]

    [ 1  0]
    [ 0 17]

    [23 24]
    [ 8  7]

    [ 5 29]
    [29  2]

    [21 12]
    [24 29]

    [29 16]
    [28 21]

    [25  8]
    [24  9]

    [25  0]
    [24  9]

    [25  0]
    [ 0  9]

    [ 9 16]
    [ 0 25]

    [ 9 16]
    [16 25]

    [17  0]
    [ 0 17]
Example Found
*************************
SL@ level 
8


MatrixGroup(2, IntegerRing(32)) of order 2^13 * 3
Generators:
    [ 5 13]
    [ 8 27]

    [ 1 31]
    [22 15]

    [13  8]
    [24 29]

    [ 1  0]
    [ 0 17]

    [23 24]
    [ 8  7]

    [ 5 29]
    [29  2]

    [21 12]
    [24 29]

    [29 16]
    [28 21]

    [25  8]
    [24  9]

    [25  0]
    [24  9]

    [25  0]
    [ 0  9]

    [ 9 16]
    [ 0 25]

    [ 9 16]
    [16 25]

    [17  0]
    [ 0 17]
Example Found
*************************
SL@ level 
4


MatrixGroup(2, IntegerRing(32)) of order 2^13 * 3
Generators:
    [29 22]
    [22 31]

    [1 0]
    [0 5]

    [ 1  0]
    [ 0 25]

    [ 1  0]
    [ 0 17]

    [ 5 29]
    [29  2]

    [ 9 20]
    [ 0 25]

    [17  8]
    [20 17]

    [29  0]
    [ 0 21]

    [29 24]
    [ 0 21]

    [25  0]
    [ 0  9]

    [ 9 16]
    [ 0 25]

    [13  8]
    [24  5]

    [ 9 16]
    [16 25]

    [17  0]
    [ 0 17]
Example Found
*************************
SL@ level 
8


MatrixGroup(2, IntegerRing(32)) of order 2^13 * 3
Generators:
    [29 18]
    [18 31]

    [ 9 28]
    [ 4 13]

    [29 23]
    [26  3]

    [ 1  0]
    [ 0 25]

    [ 1  0]
    [ 0 17]

    [19  0]
    [ 0 27]

    [25 21]
    [21 10]

    [29  0]
    [ 0 21]

    [29 24]
    [ 0 21]

    [25  0]
    [ 0  9]

    [ 9 16]
    [ 0 25]

    [13  8]
    [24  5]

    [ 9 16]
    [16 25]

    [17  0]
    [ 0 17]
Example Found
*************************
SL@ level 
8


MatrixGroup(2, IntegerRing(32)) of order 2^12 * 3
Generators:
    [29 18]
    [18 31]

    [ 9 28]
    [ 4 13]

    [ 1  0]
    [ 0 25]

    [ 1  0]
    [ 0 17]

    [19  0]
    [ 0 27]

    [ 5 29]
    [29  2]

    [29  0]
    [ 0 21]

    [29 24]
    [ 0 21]

    [25  0]
    [ 0  9]

    [ 9 16]
    [ 0 25]

    [13  8]
    [24  5]

    [ 9 16]
    [16 25]

    [17  0]
    [ 0 17]
Example Found
*************************
SL@ level 
8


MatrixGroup(2, IntegerRing(32)) of order 2^12 * 3
Generators:
    [29 18]
    [18 31]

    [ 1 31]
    [22 15]

    [ 1  0]
    [ 0 25]

    [ 1  0]
    [ 0 17]

    [19  0]
    [ 0 27]

    [25 21]
    [21 10]

    [29  0]
    [ 0 21]

    [29 24]
    [ 0 21]

    [25  0]
    [ 0  9]

    [ 9 16]
    [ 0 25]

    [13  8]
    [24  5]

    [ 9 16]
    [16 25]

    [17  0]
    [ 0 17]
Example Found
*************************
SL@ level 
8


MatrixGroup(2, IntegerRing(32)) of order 2^11 * 3
Generators:
    [29 18]
    [18 31]

    [ 9 28]
    [ 4 13]

    [ 1  0]
    [ 0 25]

    [ 1  0]
    [ 0 17]

    [ 5 29]
    [29  2]

    [29  0]
    [ 0 21]

    [29 24]
    [ 0 21]

    [25  0]
    [ 0  9]

    [ 9 16]
    [ 0 25]

    [13  8]
    [24  5]

    [ 9 16]
    [16 25]

    [17  0]
    [ 0 17]
